民國年,月,區代碼,行政區,年齡標籤,年齡下限,年齡上限,青年關係,青年權重,性別,人數
110,1,8,蘆洲區,0歲,0,0,不相關,0.0,男,697
110,1,8,蘆洲區,0歲,0,0,不相關,0.0,女,639
110,1,8,蘆洲區,1歲,1,1,不相關,0.0,男,778
110,1,8,蘆洲區,1歲,1,1,不相關,0.0,女,738
110,1,8,蘆洲區,2歲,2,2,不相關,0.0,男,780
110,1,8,蘆洲區,2歲,2,2,不相關,0.0,女,755
110,1,8,蘆洲區,3歲,3,3,不相關,0.0,男,807
110,1,8,蘆洲區,3歲,3,3,不相關,0.0,女,811
110,1,8,蘆洲區,4歲,4,4,不相關,0.0,男,942
110,1,8,蘆洲區,4歲,4,4,不相關,0.0,女,816
110,1,8,蘆洲區,5歲,5,5,不相關,0.0,男,1020
110,1,8,蘆洲區,5歲,5,5,不相關,0.0,女,856
110,1,8,蘆洲區,6歲,6,6,不相關,0.0,男,1030
110,1,8,蘆洲區,6歲,6,6,不相關,0.0,女,993
110,1,8,蘆洲區,7歲,7,7,不相關,0.0,男,937
110,1,8,蘆洲區,7歲,7,7,不相關,0.0,女,846
110,1,8,蘆洲區,8歲,8,8,不相關,0.0,男,1191
110,1,8,蘆洲區,8歲,8,8,不相關,0.0,女,1031
110,1,8,蘆洲區,9歲,9,9,不相關,0.0,男,929
110,1,8,蘆洲區,9歲,9,9,不相關,0.0,女,883
110,1,8,蘆洲區,10歲,10,10,不相關,0.0,男,738
110,1,8,蘆洲區,10歲,10,10,不相關,0.0,女,677
110,1,8,蘆洲區,11歲,11,11,不相關,0.0,男,898
110,1,8,蘆洲區,11歲,11,11,不相關,0.0,女,750
110,1,8,蘆洲區,12歲,12,12,不相關,0.0,男,873
110,1,8,蘆洲區,12歲,12,12,不相關,0.0,女,761
110,1,8,蘆洲區,13歲,13,13,不相關,0.0,男,935
110,1,8,蘆洲區,13歲,13,13,不相關,0.0,女,884
110,1,8,蘆洲區,14歲,14,14,不相關,0.0,男,999
110,1,8,蘆洲區,14歲,14,14,不相關,0.0,女,891
110,1,8,蘆洲區,15歲,15,15,不相關,0.0,男,945
110,1,8,蘆洲區,15歲,15,15,不相關,0.0,女,874
110,1,8,蘆洲區,16歲,16,16,不相關,0.0,男,1004
110,1,8,蘆洲區,16歲,16,16,不相關,0.0,女,996
110,1,8,蘆洲區,17歲,17,17,不相關,0.0,男,1191
110,1,8,蘆洲區,17歲,17,17,不相關,0.0,女,985
110,1,8,蘆洲區,18歲,18,18,完全落入,1.0,男,1173
110,1,8,蘆洲區,18歲,18,18,完全落入,1.0,女,1038
110,1,8,蘆洲區,19歲,19,19,完全落入,1.0,男,1207
110,1,8,蘆洲區,19歲,19,19,完全落入,1.0,女,1141
110,1,8,蘆洲區,20歲,20,20,完全落入,1.0,男,1524
110,1,8,蘆洲區,20歲,20,20,完全落入,1.0,女,1393
110,1,8,蘆洲區,21歲,21,21,完全落入,1.0,男,1442
110,1,8,蘆洲區,21歲,21,21,完全落入,1.0,女,1318
110,1,8,蘆洲區,22歲,22,22,完全落入,1.0,男,1304
110,1,8,蘆洲區,22歲,22,22,完全落入,1.0,女,1190
110,1,8,蘆洲區,23歲,23,23,完全落入,1.0,男,1637
110,1,8,蘆洲區,23歲,23,23,完全落入,1.0,女,1433
110,1,8,蘆洲區,24歲,24,24,完全落入,1.0,男,1588
110,1,8,蘆洲區,24歲,24,24,完全落入,1.0,女,1462
110,1,8,蘆洲區,25歲,25,25,完全落入,1.0,男,1602
110,1,8,蘆洲區,25歲,25,25,完全落入,1.0,女,1528
110,1,8,蘆洲區,26歲,26,26,完全落入,1.0,男,1590
110,1,8,蘆洲區,26歲,26,26,完全落入,1.0,女,1425
110,1,8,蘆洲區,27歲,27,27,完全落入,1.0,男,1687
110,1,8,蘆洲區,27歲,27,27,完全落入,1.0,女,1573
110,1,8,蘆洲區,28歲,28,28,完全落入,1.0,男,1644
110,1,8,蘆洲區,28歲,28,28,完全落入,1.0,女,1496
110,1,8,蘆洲區,29歲,29,29,完全落入,1.0,男,1614
110,1,8,蘆洲區,29歲,29,29,完全落入,1.0,女,1488
110,1,8,蘆洲區,30歲,30,30,完全落入,1.0,男,1742
110,1,8,蘆洲區,30歲,30,30,完全落入,1.0,女,1544
110,1,8,蘆洲區,31歲,31,31,完全落入,1.0,男,1500
110,1,8,蘆洲區,31歲,31,31,完全落入,1.0,女,1427
110,1,8,蘆洲區,32歲,32,32,完全落入,1.0,男,1675
110,1,8,蘆洲區,32歲,32,32,完全落入,1.0,女,1579
110,1,8,蘆洲區,33歲,33,33,完全落入,1.0,男,1439
110,1,8,蘆洲區,33歲,33,33,完全落入,1.0,女,1418
110,1,8,蘆洲區,34歲,34,34,完全落入,1.0,男,1267
110,1,8,蘆洲區,34歲,34,34,完全落入,1.0,女,1326
110,1,8,蘆洲區,35歲,35,35,完全落入,1.0,男,1470
110,1,8,蘆洲區,35歲,35,35,完全落入,1.0,女,1446
110,1,8,蘆洲區,36歲,36,36,不相關,0.0,男,1609
110,1,8,蘆洲區,36歲,36,36,不相關,0.0,女,1575
110,1,8,蘆洲區,37歲,37,37,不相關,0.0,男,1583
110,1,8,蘆洲區,37歲,37,37,不相關,0.0,女,1630
110,1,8,蘆洲區,38歲,38,38,不相關,0.0,男,1766
110,1,8,蘆洲區,38歲,38,38,不相關,0.0,女,1784
110,1,8,蘆洲區,39歲,39,39,不相關,0.0,男,1757
110,1,8,蘆洲區,39歲,39,39,不相關,0.0,女,1780
110,1,8,蘆洲區,40歲,40,40,不相關,0.0,男,1749
110,1,8,蘆洲區,40歲,40,40,不相關,0.0,女,1833
110,1,8,蘆洲區,41歲,41,41,不相關,0.0,男,1766
110,1,8,蘆洲區,41歲,41,41,不相關,0.0,女,1948
110,1,8,蘆洲區,42歲,42,42,不相關,0.0,男,1765
110,1,8,蘆洲區,42歲,42,42,不相關,0.0,女,1874
110,1,8,蘆洲區,43歲,43,43,不相關,0.0,男,1546
110,1,8,蘆洲區,43歲,43,43,不相關,0.0,女,1744
110,1,8,蘆洲區,44歲,44,44,不相關,0.0,男,1824
110,1,8,蘆洲區,44歲,44,44,不相關,0.0,女,1844
110,1,8,蘆洲區,45歲,45,45,不相關,0.0,男,1457
110,1,8,蘆洲區,45歲,45,45,不相關,0.0,女,1688
110,1,8,蘆洲區,46歲,46,46,不相關,0.0,男,1513
110,1,8,蘆洲區,46歲,46,46,不相關,0.0,女,1628
110,1,8,蘆洲區,47歲,47,47,不相關,0.0,男,1476
110,1,8,蘆洲區,47歲,47,47,不相關,0.0,女,1623
110,1,8,蘆洲區,48歲,48,48,不相關,0.0,男,1448
110,1,8,蘆洲區,48歲,48,48,不相關,0.0,女,1557
110,1,8,蘆洲區,49歲,49,49,不相關,0.0,男,1518
110,1,8,蘆洲區,49歲,49,49,不相關,0.0,女,1654
110,1,8,蘆洲區,50歲,50,50,不相關,0.0,男,1570
110,1,8,蘆洲區,50歲,50,50,不相關,0.0,女,1717
110,1,8,蘆洲區,51歲,51,51,不相關,0.0,男,1502
110,1,8,蘆洲區,51歲,51,51,不相關,0.0,女,1768
110,1,8,蘆洲區,52歲,52,52,不相關,0.0,男,1429
110,1,8,蘆洲區,52歲,52,52,不相關,0.0,女,1847
110,1,8,蘆洲區,53歲,53,53,不相關,0.0,男,1482
110,1,8,蘆洲區,53歲,53,53,不相關,0.0,女,1700
110,1,8,蘆洲區,54歲,54,54,不相關,0.0,男,1441
110,1,8,蘆洲區,54歲,54,54,不相關,0.0,女,1829
110,1,8,蘆洲區,55歲,55,55,不相關,0.0,男,1527
110,1,8,蘆洲區,55歲,55,55,不相關,0.0,女,1787
110,1,8,蘆洲區,56歲,56,56,不相關,0.0,男,1541
110,1,8,蘆洲區,56歲,56,56,不相關,0.0,女,1825
110,1,8,蘆洲區,57歲,57,57,不相關,0.0,男,1626
110,1,8,蘆洲區,57歲,57,57,不相關,0.0,女,1894
110,1,8,蘆洲區,58歲,58,58,不相關,0.0,男,1510
110,1,8,蘆洲區,58歲,58,58,不相關,0.0,女,1818
110,1,8,蘆洲區,59歲,59,59,不相關,0.0,男,1498
110,1,8,蘆洲區,59歲,59,59,不相關,0.0,女,1718
110,1,8,蘆洲區,60歲,60,60,不相關,0.0,男,1433
110,1,8,蘆洲區,60歲,60,60,不相關,0.0,女,1691
110,1,8,蘆洲區,61歲,61,61,不相關,0.0,男,1399
110,1,8,蘆洲區,61歲,61,61,不相關,0.0,女,1607
110,1,8,蘆洲區,62歲,62,62,不相關,0.0,男,1379
110,1,8,蘆洲區,62歲,62,62,不相關,0.0,女,1623
110,1,8,蘆洲區,63歲,63,63,不相關,0.0,男,1229
110,1,8,蘆洲區,63歲,63,63,不相關,0.0,女,1452
110,1,8,蘆洲區,64歲,64,64,不相關,0.0,男,1267
110,1,8,蘆洲區,64歲,64,64,不相關,0.0,女,1435
110,1,8,蘆洲區,65歲,65,65,不相關,0.0,男,1141
110,1,8,蘆洲區,65歲,65,65,不相關,0.0,女,1353
110,1,8,蘆洲區,66歲,66,66,不相關,0.0,男,1069
110,1,8,蘆洲區,66歲,66,66,不相關,0.0,女,1252
110,1,8,蘆洲區,67歲,67,67,不相關,0.0,男,951
110,1,8,蘆洲區,67歲,67,67,不相關,0.0,女,1139
110,1,8,蘆洲區,68歲,68,68,不相關,0.0,男,984
110,1,8,蘆洲區,68歲,68,68,不相關,0.0,女,1043
110,1,8,蘆洲區,69歲,69,69,不相關,0.0,男,929
110,1,8,蘆洲區,69歲,69,69,不相關,0.0,女,1066
110,1,8,蘆洲區,70歲,70,70,不相關,0.0,男,773
110,1,8,蘆洲區,70歲,70,70,不相關,0.0,女,875
110,1,8,蘆洲區,71歲,71,71,不相關,0.0,男,619
110,1,8,蘆洲區,71歲,71,71,不相關,0.0,女,782
110,1,8,蘆洲區,72歲,72,72,不相關,0.0,男,495
110,1,8,蘆洲區,72歲,72,72,不相關,0.0,女,630
110,1,8,蘆洲區,73歲,73,73,不相關,0.0,男,447
110,1,8,蘆洲區,73歲,73,73,不相關,0.0,女,510
110,1,8,蘆洲區,74歲,74,74,不相關,0.0,男,324
110,1,8,蘆洲區,74歲,74,74,不相關,0.0,女,380
110,1,8,蘆洲區,75歲,75,75,不相關,0.0,男,285
110,1,8,蘆洲區,75歲,75,75,不相關,0.0,女,372
110,1,8,蘆洲區,76歲,76,76,不相關,0.0,男,337
110,1,8,蘆洲區,76歲,76,76,不相關,0.0,女,410
110,1,8,蘆洲區,77歲,77,77,不相關,0.0,男,309
110,1,8,蘆洲區,77歲,77,77,不相關,0.0,女,404
110,1,8,蘆洲區,78歲,78,78,不相關,0.0,男,276
110,1,8,蘆洲區,78歲,78,78,不相關,0.0,女,365
110,1,8,蘆洲區,79歲,79,79,不相關,0.0,男,275
110,1,8,蘆洲區,79歲,79,79,不相關,0.0,女,337
110,1,8,蘆洲區,80歲,80,80,不相關,0.0,男,283
110,1,8,蘆洲區,80歲,80,80,不相關,0.0,女,342
110,1,8,蘆洲區,81歲,81,81,不相關,0.0,男,206
110,1,8,蘆洲區,81歲,81,81,不相關,0.0,女,267
110,1,8,蘆洲區,82歲,82,82,不相關,0.0,男,188
110,1,8,蘆洲區,82歲,82,82,不相關,0.0,女,240
110,1,8,蘆洲區,83歲,83,83,不相關,0.0,男,139
110,1,8,蘆洲區,83歲,83,83,不相關,0.0,女,237
110,1,8,蘆洲區,84歲,84,84,不相關,0.0,男,124
110,1,8,蘆洲區,84歲,84,84,不相關,0.0,女,190
110,1,8,蘆洲區,85歲,85,85,不相關,0.0,男,114
110,1,8,蘆洲區,85歲,85,85,不相關,0.0,女,182
110,1,8,蘆洲區,86歲,86,86,不相關,0.0,男,72
110,1,8,蘆洲區,86歲,86,86,不相關,0.0,女,156
110,1,8,蘆洲區,87歲,87,87,不相關,0.0,男,64
110,1,8,蘆洲區,87歲,87,87,不相關,0.0,女,110
110,1,8,蘆洲區,88歲,88,88,不相關,0.0,男,58
110,1,8,蘆洲區,88歲,88,88,不相關,0.0,女,84
110,1,8,蘆洲區,89歲,89,89,不相關,0.0,男,53
110,1,8,蘆洲區,89歲,89,89,不相關,0.0,女,82
110,1,8,蘆洲區,90歲,90,90,不相關,0.0,男,58
110,1,8,蘆洲區,90歲,90,90,不相關,0.0,女,87
110,1,8,蘆洲區,91歲,91,91,不相關,0.0,男,37
110,1,8,蘆洲區,91歲,91,91,不相關,0.0,女,51
110,1,8,蘆洲區,92歲,92,92,不相關,0.0,男,22
110,1,8,蘆洲區,92歲,92,92,不相關,0.0,女,55
110,1,8,蘆洲區,93歲,93,93,不相關,0.0,男,22
110,1,8,蘆洲區,93歲,93,93,不相關,0.0,女,31
110,1,8,蘆洲區,94歲,94,94,不相關,0.0,男,13
110,1,8,蘆洲區,94歲,94,94,不相關,0.0,女,27
110,1,8,蘆洲區,95歲,95,95,不相關,0.0,男,12
110,1,8,蘆洲區,95歲,95,95,不相關,0.0,女,28
110,1,8,蘆洲區,96歲,96,96,不相關,0.0,男,10
110,1,8,蘆洲區,96歲,96,96,不相關,0.0,女,12
110,1,8,蘆洲區,97歲,97,97,不相關,0.0,男,3
110,1,8,蘆洲區,97歲,97,97,不相關,0.0,女,8
110,1,8,蘆洲區,98歲,98,98,不相關,0.0,男,7
110,1,8,蘆洲區,98歲,98,98,不相關,0.0,女,7
110,1,8,蘆洲區,99歲,99,99,不相關,0.0,男,3
110,1,8,蘆洲區,99歲,99,99,不相關,0.0,女,7
110,1,8,蘆洲區,100歲以上,100,100,不相關,0.0,男,8
110,1,8,蘆洲區,100歲以上,100,100,不相關,0.0,女,12
110,2,8,蘆洲區,0歲,0,0,不相關,0.0,男,700
110,2,8,蘆洲區,0歲,0,0,不相關,0.0,女,637
110,2,8,蘆洲區,1歲,1,1,不相關,0.0,男,774
110,2,8,蘆洲區,1歲,1,1,不相關,0.0,女,736
110,2,8,蘆洲區,2歲,2,2,不相關,0.0,男,777
110,2,8,蘆洲區,2歲,2,2,不相關,0.0,女,748
110,2,8,蘆洲區,3歲,3,3,不相關,0.0,男,802
110,2,8,蘆洲區,3歲,3,3,不相關,0.0,女,811
110,2,8,蘆洲區,4歲,4,4,不相關,0.0,男,928
110,2,8,蘆洲區,4歲,4,4,不相關,0.0,女,819
110,2,8,蘆洲區,5歲,5,5,不相關,0.0,男,1033
110,2,8,蘆洲區,5歲,5,5,不相關,0.0,女,874
110,2,8,蘆洲區,6歲,6,6,不相關,0.0,男,1017
110,2,8,蘆洲區,6歲,6,6,不相關,0.0,女,971
110,2,8,蘆洲區,7歲,7,7,不相關,0.0,男,964
110,2,8,蘆洲區,7歲,7,7,不相關,0.0,女,865
110,2,8,蘆洲區,8歲,8,8,不相關,0.0,男,1176
110,2,8,蘆洲區,8歲,8,8,不相關,0.0,女,1022
110,2,8,蘆洲區,9歲,9,9,不相關,0.0,男,932
110,2,8,蘆洲區,9歲,9,9,不相關,0.0,女,885
110,2,8,蘆洲區,10歲,10,10,不相關,0.0,男,736
110,2,8,蘆洲區,10歲,10,10,不相關,0.0,女,693
110,2,8,蘆洲區,11歲,11,11,不相關,0.0,男,888
110,2,8,蘆洲區,11歲,11,11,不相關,0.0,女,734
110,2,8,蘆洲區,12歲,12,12,不相關,0.0,男,879
110,2,8,蘆洲區,12歲,12,12,不相關,0.0,女,760
110,2,8,蘆洲區,13歲,13,13,不相關,0.0,男,931
110,2,8,蘆洲區,13歲,13,13,不相關,0.0,女,880
110,2,8,蘆洲區,14歲,14,14,不相關,0.0,男,1008
110,2,8,蘆洲區,14歲,14,14,不相關,0.0,女,896
110,2,8,蘆洲區,15歲,15,15,不相關,0.0,男,923
110,2,8,蘆洲區,15歲,15,15,不相關,0.0,女,871
110,2,8,蘆洲區,16歲,16,16,不相關,0.0,男,998
110,2,8,蘆洲區,16歲,16,16,不相關,0.0,女,980
110,2,8,蘆洲區,17歲,17,17,不相關,0.0,男,1184
110,2,8,蘆洲區,17歲,17,17,不相關,0.0,女,983
110,2,8,蘆洲區,18歲,18,18,完全落入,1.0,男,1162
110,2,8,蘆洲區,18歲,18,18,完全落入,1.0,女,1034
110,2,8,蘆洲區,19歲,19,19,完全落入,1.0,男,1236
110,2,8,蘆洲區,19歲,19,19,完全落入,1.0,女,1125
110,2,8,蘆洲區,20歲,20,20,完全落入,1.0,男,1494
110,2,8,蘆洲區,20歲,20,20,完全落入,1.0,女,1404
110,2,8,蘆洲區,21歲,21,21,完全落入,1.0,男,1449
110,2,8,蘆洲區,21歲,21,21,完全落入,1.0,女,1310
110,2,8,蘆洲區,22歲,22,22,完全落入,1.0,男,1311
110,2,8,蘆洲區,22歲,22,22,完全落入,1.0,女,1178
110,2,8,蘆洲區,23歲,23,23,完全落入,1.0,男,1580
110,2,8,蘆洲區,23歲,23,23,完全落入,1.0,女,1431
110,2,8,蘆洲區,24歲,24,24,完全落入,1.0,男,1642
110,2,8,蘆洲區,24歲,24,24,完全落入,1.0,女,1483
110,2,8,蘆洲區,25歲,25,25,完全落入,1.0,男,1593
110,2,8,蘆洲區,25歲,25,25,完全落入,1.0,女,1492
110,2,8,蘆洲區,26歲,26,26,完全落入,1.0,男,1582
110,2,8,蘆洲區,26歲,26,26,完全落入,1.0,女,1463
110,2,8,蘆洲區,27歲,27,27,完全落入,1.0,男,1672
110,2,8,蘆洲區,27歲,27,27,完全落入,1.0,女,1542
110,2,8,蘆洲區,28歲,28,28,完全落入,1.0,男,1680
110,2,8,蘆洲區,28歲,28,28,完全落入,1.0,女,1496
110,2,8,蘆洲區,29歲,29,29,完全落入,1.0,男,1601
110,2,8,蘆洲區,29歲,29,29,完全落入,1.0,女,1497
110,2,8,蘆洲區,30歲,30,30,完全落入,1.0,男,1736
110,2,8,蘆洲區,30歲,30,30,完全落入,1.0,女,1523
110,2,8,蘆洲區,31歲,31,31,完全落入,1.0,男,1486
110,2,8,蘆洲區,31歲,31,31,完全落入,1.0,女,1456
110,2,8,蘆洲區,32歲,32,32,完全落入,1.0,男,1679
110,2,8,蘆洲區,32歲,32,32,完全落入,1.0,女,1567
110,2,8,蘆洲區,33歲,33,33,完全落入,1.0,男,1439
110,2,8,蘆洲區,33歲,33,33,完全落入,1.0,女,1401
110,2,8,蘆洲區,34歲,34,34,完全落入,1.0,男,1278
110,2,8,蘆洲區,34歲,34,34,完全落入,1.0,女,1334
110,2,8,蘆洲區,35歲,35,35,完全落入,1.0,男,1466
110,2,8,蘆洲區,35歲,35,35,完全落入,1.0,女,1461
110,2,8,蘆洲區,36歲,36,36,不相關,0.0,男,1598
110,2,8,蘆洲區,36歲,36,36,不相關,0.0,女,1560
110,2,8,蘆洲區,37歲,37,37,不相關,0.0,男,1580
110,2,8,蘆洲區,37歲,37,37,不相關,0.0,女,1635
110,2,8,蘆洲區,38歲,38,38,不相關,0.0,男,1749
110,2,8,蘆洲區,38歲,38,38,不相關,0.0,女,1771
110,2,8,蘆洲區,39歲,39,39,不相關,0.0,男,1778
110,2,8,蘆洲區,39歲,39,39,不相關,0.0,女,1767
110,2,8,蘆洲區,40歲,40,40,不相關,0.0,男,1771
110,2,8,蘆洲區,40歲,40,40,不相關,0.0,女,1837
110,2,8,蘆洲區,41歲,41,41,不相關,0.0,男,1744
110,2,8,蘆洲區,41歲,41,41,不相關,0.0,女,1940
110,2,8,蘆洲區,42歲,42,42,不相關,0.0,男,1769
110,2,8,蘆洲區,42歲,42,42,不相關,0.0,女,1904
110,2,8,蘆洲區,43歲,43,43,不相關,0.0,男,1580
110,2,8,蘆洲區,43歲,43,43,不相關,0.0,女,1736
110,2,8,蘆洲區,44歲,44,44,不相關,0.0,男,1817
110,2,8,蘆洲區,44歲,44,44,不相關,0.0,女,1838
110,2,8,蘆洲區,45歲,45,45,不相關,0.0,男,1461
110,2,8,蘆洲區,45歲,45,45,不相關,0.0,女,1677
110,2,8,蘆洲區,46歲,46,46,不相關,0.0,男,1493
110,2,8,蘆洲區,46歲,46,46,不相關,0.0,女,1644
110,2,8,蘆洲區,47歲,47,47,不相關,0.0,男,1478
110,2,8,蘆洲區,47歲,47,47,不相關,0.0,女,1635
110,2,8,蘆洲區,48歲,48,48,不相關,0.0,男,1457
110,2,8,蘆洲區,48歲,48,48,不相關,0.0,女,1550
110,2,8,蘆洲區,49歲,49,49,不相關,0.0,男,1510
110,2,8,蘆洲區,49歲,49,49,不相關,0.0,女,1635
110,2,8,蘆洲區,50歲,50,50,不相關,0.0,男,1565
110,2,8,蘆洲區,50歲,50,50,不相關,0.0,女,1728
110,2,8,蘆洲區,51歲,51,51,不相關,0.0,男,1517
110,2,8,蘆洲區,51歲,51,51,不相關,0.0,女,1765
110,2,8,蘆洲區,52歲,52,52,不相關,0.0,男,1434
110,2,8,蘆洲區,52歲,52,52,不相關,0.0,女,1817
110,2,8,蘆洲區,53歲,53,53,不相關,0.0,男,1469
110,2,8,蘆洲區,53歲,53,53,不相關,0.0,女,1732
110,2,8,蘆洲區,54歲,54,54,不相關,0.0,男,1438
110,2,8,蘆洲區,54歲,54,54,不相關,0.0,女,1793
110,2,8,蘆洲區,55歲,55,55,不相關,0.0,男,1515
110,2,8,蘆洲區,55歲,55,55,不相關,0.0,女,1792
110,2,8,蘆洲區,56歲,56,56,不相關,0.0,男,1530
110,2,8,蘆洲區,56歲,56,56,不相關,0.0,女,1839
110,2,8,蘆洲區,57歲,57,57,不相關,0.0,男,1628
110,2,8,蘆洲區,57歲,57,57,不相關,0.0,女,1839
110,2,8,蘆洲區,58歲,58,58,不相關,0.0,男,1527
110,2,8,蘆洲區,58歲,58,58,不相關,0.0,女,1860
110,2,8,蘆洲區,59歲,59,59,不相關,0.0,男,1508
110,2,8,蘆洲區,59歲,59,59,不相關,0.0,女,1734
110,2,8,蘆洲區,60歲,60,60,不相關,0.0,男,1413
110,2,8,蘆洲區,60歲,60,60,不相關,0.0,女,1664
110,2,8,蘆洲區,61歲,61,61,不相關,0.0,男,1380
110,2,8,蘆洲區,61歲,61,61,不相關,0.0,女,1603
110,2,8,蘆洲區,62歲,62,62,不相關,0.0,男,1416
110,2,8,蘆洲區,62歲,62,62,不相關,0.0,女,1675
110,2,8,蘆洲區,63歲,63,63,不相關,0.0,男,1213
110,2,8,蘆洲區,63歲,63,63,不相關,0.0,女,1396
110,2,8,蘆洲區,64歲,64,64,不相關,0.0,男,1275
110,2,8,蘆洲區,64歲,64,64,不相關,0.0,女,1487
110,2,8,蘆洲區,65歲,65,65,不相關,0.0,男,1142
110,2,8,蘆洲區,65歲,65,65,不相關,0.0,女,1329
110,2,8,蘆洲區,66歲,66,66,不相關,0.0,男,1073
110,2,8,蘆洲區,66歲,66,66,不相關,0.0,女,1256
110,2,8,蘆洲區,67歲,67,67,不相關,0.0,男,971
110,2,8,蘆洲區,67歲,67,67,不相關,0.0,女,1170
110,2,8,蘆洲區,68歲,68,68,不相關,0.0,男,972
110,2,8,蘆洲區,68歲,68,68,不相關,0.0,女,1038
110,2,8,蘆洲區,69歲,69,69,不相關,0.0,男,930
110,2,8,蘆洲區,69歲,69,69,不相關,0.0,女,1087
110,2,8,蘆洲區,70歲,70,70,不相關,0.0,男,788
110,2,8,蘆洲區,70歲,70,70,不相關,0.0,女,868
110,2,8,蘆洲區,71歲,71,71,不相關,0.0,男,627
110,2,8,蘆洲區,71歲,71,71,不相關,0.0,女,777
110,2,8,蘆洲區,72歲,72,72,不相關,0.0,男,506
110,2,8,蘆洲區,72歲,72,72,不相關,0.0,女,659
110,2,8,蘆洲區,73歲,73,73,不相關,0.0,男,450
110,2,8,蘆洲區,73歲,73,73,不相關,0.0,女,520
110,2,8,蘆洲區,74歲,74,74,不相關,0.0,男,337
110,2,8,蘆洲區,74歲,74,74,不相關,0.0,女,386
110,2,8,蘆洲區,75歲,75,75,不相關,0.0,男,276
110,2,8,蘆洲區,75歲,75,75,不相關,0.0,女,367
110,2,8,蘆洲區,76歲,76,76,不相關,0.0,男,335
110,2,8,蘆洲區,76歲,76,76,不相關,0.0,女,417
110,2,8,蘆洲區,77歲,77,77,不相關,0.0,男,318
110,2,8,蘆洲區,77歲,77,77,不相關,0.0,女,394
110,2,8,蘆洲區,78歲,78,78,不相關,0.0,男,273
110,2,8,蘆洲區,78歲,78,78,不相關,0.0,女,371
110,2,8,蘆洲區,79歲,79,79,不相關,0.0,男,278
110,2,8,蘆洲區,79歲,79,79,不相關,0.0,女,330
110,2,8,蘆洲區,80歲,80,80,不相關,0.0,男,276
110,2,8,蘆洲區,80歲,80,80,不相關,0.0,女,345
110,2,8,蘆洲區,81歲,81,81,不相關,0.0,男,213
110,2,8,蘆洲區,81歲,81,81,不相關,0.0,女,275
110,2,8,蘆洲區,82歲,82,82,不相關,0.0,男,191
110,2,8,蘆洲區,82歲,82,82,不相關,0.0,女,243
110,2,8,蘆洲區,83歲,83,83,不相關,0.0,男,138
110,2,8,蘆洲區,83歲,83,83,不相關,0.0,女,231
110,2,8,蘆洲區,84歲,84,84,不相關,0.0,男,129
110,2,8,蘆洲區,84歲,84,84,不相關,0.0,女,200
110,2,8,蘆洲區,85歲,85,85,不相關,0.0,男,109
110,2,8,蘆洲區,85歲,85,85,不相關,0.0,女,178
110,2,8,蘆洲區,86歲,86,86,不相關,0.0,男,79
110,2,8,蘆洲區,86歲,86,86,不相關,0.0,女,152
110,2,8,蘆洲區,87歲,87,87,不相關,0.0,男,67
110,2,8,蘆洲區,87歲,87,87,不相關,0.0,女,117
110,2,8,蘆洲區,88歲,88,88,不相關,0.0,男,59
110,2,8,蘆洲區,88歲,88,88,不相關,0.0,女,80
110,2,8,蘆洲區,89歲,89,89,不相關,0.0,男,51
110,2,8,蘆洲區,89歲,89,89,不相關,0.0,女,83
110,2,8,蘆洲區,90歲,90,90,不相關,0.0,男,54
110,2,8,蘆洲區,90歲,90,90,不相關,0.0,女,87
110,2,8,蘆洲區,91歲,91,91,不相關,0.0,男,35
110,2,8,蘆洲區,91歲,91,91,不相關,0.0,女,54
110,2,8,蘆洲區,92歲,92,92,不相關,0.0,男,23
110,2,8,蘆洲區,92歲,92,92,不相關,0.0,女,51
110,2,8,蘆洲區,93歲,93,93,不相關,0.0,男,22
110,2,8,蘆洲區,93歲,93,93,不相關,0.0,女,29
110,2,8,蘆洲區,94歲,94,94,不相關,0.0,男,15
110,2,8,蘆洲區,94歲,94,94,不相關,0.0,女,32
110,2,8,蘆洲區,95歲,95,95,不相關,0.0,男,12
110,2,8,蘆洲區,95歲,95,95,不相關,0.0,女,26
110,2,8,蘆洲區,96歲,96,96,不相關,0.0,男,7
110,2,8,蘆洲區,96歲,96,96,不相關,0.0,女,14
110,2,8,蘆洲區,97歲,97,97,不相關,0.0,男,4
110,2,8,蘆洲區,97歲,97,97,不相關,0.0,女,6
110,2,8,蘆洲區,98歲,98,98,不相關,0.0,男,7
110,2,8,蘆洲區,98歲,98,98,不相關,0.0,女,8
110,2,8,蘆洲區,99歲,99,99,不相關,0.0,男,2
110,2,8,蘆洲區,99歲,99,99,不相關,0.0,女,5
110,2,8,蘆洲區,100歲以上,100,100,不相關,0.0,男,9
110,2,8,蘆洲區,100歲以上,100,100,不相關,0.0,女,14
110,3,8,蘆洲區,0歲,0,0,不相關,0.0,男,694
110,3,8,蘆洲區,0歲,0,0,不相關,0.0,女,636
110,3,8,蘆洲區,1歲,1,1,不相關,0.0,男,775
110,3,8,蘆洲區,1歲,1,1,不相關,0.0,女,730
110,3,8,蘆洲區,2歲,2,2,不相關,0.0,男,785
110,3,8,蘆洲區,2歲,2,2,不相關,0.0,女,765
110,3,8,蘆洲區,3歲,3,3,不相關,0.0,男,776
110,3,8,蘆洲區,3歲,3,3,不相關,0.0,女,811
110,3,8,蘆洲區,4歲,4,4,不相關,0.0,男,953
110,3,8,蘆洲區,4歲,4,4,不相關,0.0,女,827
110,3,8,蘆洲區,5歲,5,5,不相關,0.0,男,1035
110,3,8,蘆洲區,5歲,5,5,不相關,0.0,女,860
110,3,8,蘆洲區,6歲,6,6,不相關,0.0,男,1029
110,3,8,蘆洲區,6歲,6,6,不相關,0.0,女,983
110,3,8,蘆洲區,7歲,7,7,不相關,0.0,男,956
110,3,8,蘆洲區,7歲,7,7,不相關,0.0,女,855
110,3,8,蘆洲區,8歲,8,8,不相關,0.0,男,1171
110,3,8,蘆洲區,8歲,8,8,不相關,0.0,女,1016
110,3,8,蘆洲區,9歲,9,9,不相關,0.0,男,941
110,3,8,蘆洲區,9歲,9,9,不相關,0.0,女,900
110,3,8,蘆洲區,10歲,10,10,不相關,0.0,男,747
110,3,8,蘆洲區,10歲,10,10,不相關,0.0,女,695
110,3,8,蘆洲區,11歲,11,11,不相關,0.0,男,881
110,3,8,蘆洲區,11歲,11,11,不相關,0.0,女,726
110,3,8,蘆洲區,12歲,12,12,不相關,0.0,男,879
110,3,8,蘆洲區,12歲,12,12,不相關,0.0,女,764
110,3,8,蘆洲區,13歲,13,13,不相關,0.0,男,904
110,3,8,蘆洲區,13歲,13,13,不相關,0.0,女,861
110,3,8,蘆洲區,14歲,14,14,不相關,0.0,男,997
110,3,8,蘆洲區,14歲,14,14,不相關,0.0,女,900
110,3,8,蘆洲區,15歲,15,15,不相關,0.0,男,936
110,3,8,蘆洲區,15歲,15,15,不相關,0.0,女,883
110,3,8,蘆洲區,16歲,16,16,不相關,0.0,男,989
110,3,8,蘆洲區,16歲,16,16,不相關,0.0,女,962
110,3,8,蘆洲區,17歲,17,17,不相關,0.0,男,1167
110,3,8,蘆洲區,17歲,17,17,不相關,0.0,女,985
110,3,8,蘆洲區,18歲,18,18,完全落入,1.0,男,1177
110,3,8,蘆洲區,18歲,18,18,完全落入,1.0,女,1018
110,3,8,蘆洲區,19歲,19,19,完全落入,1.0,男,1228
110,3,8,蘆洲區,19歲,19,19,完全落入,1.0,女,1106
110,3,8,蘆洲區,20歲,20,20,完全落入,1.0,男,1469
110,3,8,蘆洲區,20歲,20,20,完全落入,1.0,女,1403
110,3,8,蘆洲區,21歲,21,21,完全落入,1.0,男,1449
110,3,8,蘆洲區,21歲,21,21,完全落入,1.0,女,1303
110,3,8,蘆洲區,22歲,22,22,完全落入,1.0,男,1340
110,3,8,蘆洲區,22歲,22,22,完全落入,1.0,女,1202
110,3,8,蘆洲區,23歲,23,23,完全落入,1.0,男,1558
110,3,8,蘆洲區,23歲,23,23,完全落入,1.0,女,1423
110,3,8,蘆洲區,24歲,24,24,完全落入,1.0,男,1647
110,3,8,蘆洲區,24歲,24,24,完全落入,1.0,女,1462
110,3,8,蘆洲區,25歲,25,25,完全落入,1.0,男,1592
110,3,8,蘆洲區,25歲,25,25,完全落入,1.0,女,1508
110,3,8,蘆洲區,26歲,26,26,完全落入,1.0,男,1564
110,3,8,蘆洲區,26歲,26,26,完全落入,1.0,女,1459
110,3,8,蘆洲區,27歲,27,27,完全落入,1.0,男,1664
110,3,8,蘆洲區,27歲,27,27,完全落入,1.0,女,1528
110,3,8,蘆洲區,28歲,28,28,完全落入,1.0,男,1663
110,3,8,蘆洲區,28歲,28,28,完全落入,1.0,女,1509
110,3,8,蘆洲區,29歲,29,29,完全落入,1.0,男,1654
110,3,8,蘆洲區,29歲,29,29,完全落入,1.0,女,1474
110,3,8,蘆洲區,30歲,30,30,完全落入,1.0,男,1699
110,3,8,蘆洲區,30歲,30,30,完全落入,1.0,女,1548
110,3,8,蘆洲區,31歲,31,31,完全落入,1.0,男,1521
110,3,8,蘆洲區,31歲,31,31,完全落入,1.0,女,1458
110,3,8,蘆洲區,32歲,32,32,完全落入,1.0,男,1644
110,3,8,蘆洲區,32歲,32,32,完全落入,1.0,女,1526
110,3,8,蘆洲區,33歲,33,33,完全落入,1.0,男,1470
110,3,8,蘆洲區,33歲,33,33,完全落入,1.0,女,1436
110,3,8,蘆洲區,34歲,34,34,完全落入,1.0,男,1268
110,3,8,蘆洲區,34歲,34,34,完全落入,1.0,女,1319
110,3,8,蘆洲區,35歲,35,35,完全落入,1.0,男,1481
110,3,8,蘆洲區,35歲,35,35,完全落入,1.0,女,1487
110,3,8,蘆洲區,36歲,36,36,不相關,0.0,男,1571
110,3,8,蘆洲區,36歲,36,36,不相關,0.0,女,1537
110,3,8,蘆洲區,37歲,37,37,不相關,0.0,男,1579
110,3,8,蘆洲區,37歲,37,37,不相關,0.0,女,1602
110,3,8,蘆洲區,38歲,38,38,不相關,0.0,男,1746
110,3,8,蘆洲區,38歲,38,38,不相關,0.0,女,1766
110,3,8,蘆洲區,39歲,39,39,不相關,0.0,男,1777
110,3,8,蘆洲區,39歲,39,39,不相關,0.0,女,1798
110,3,8,蘆洲區,40歲,40,40,不相關,0.0,男,1771
110,3,8,蘆洲區,40歲,40,40,不相關,0.0,女,1837
110,3,8,蘆洲區,41歲,41,41,不相關,0.0,男,1743
110,3,8,蘆洲區,41歲,41,41,不相關,0.0,女,1946
110,3,8,蘆洲區,42歲,42,42,不相關,0.0,男,1767
110,3,8,蘆洲區,42歲,42,42,不相關,0.0,女,1886
110,3,8,蘆洲區,43歲,43,43,不相關,0.0,男,1576
110,3,8,蘆洲區,43歲,43,43,不相關,0.0,女,1758
110,3,8,蘆洲區,44歲,44,44,不相關,0.0,男,1815
110,3,8,蘆洲區,44歲,44,44,不相關,0.0,女,1815
110,3,8,蘆洲區,45歲,45,45,不相關,0.0,男,1496
110,3,8,蘆洲區,45歲,45,45,不相關,0.0,女,1684
110,3,8,蘆洲區,46歲,46,46,不相關,0.0,男,1448
110,3,8,蘆洲區,46歲,46,46,不相關,0.0,女,1645
110,3,8,蘆洲區,47歲,47,47,不相關,0.0,男,1499
110,3,8,蘆洲區,47歲,47,47,不相關,0.0,女,1650
110,3,8,蘆洲區,48歲,48,48,不相關,0.0,男,1483
110,3,8,蘆洲區,48歲,48,48,不相關,0.0,女,1523
110,3,8,蘆洲區,49歲,49,49,不相關,0.0,男,1485
110,3,8,蘆洲區,49歲,49,49,不相關,0.0,女,1652
110,3,8,蘆洲區,50歲,50,50,不相關,0.0,男,1542
110,3,8,蘆洲區,50歲,50,50,不相關,0.0,女,1704
110,3,8,蘆洲區,51歲,51,51,不相關,0.0,男,1522
110,3,8,蘆洲區,51歲,51,51,不相關,0.0,女,1743
110,3,8,蘆洲區,52歲,52,52,不相關,0.0,男,1449
110,3,8,蘆洲區,52歲,52,52,不相關,0.0,女,1842
110,3,8,蘆洲區,53歲,53,53,不相關,0.0,男,1450
110,3,8,蘆洲區,53歲,53,53,不相關,0.0,女,1742
110,3,8,蘆洲區,54歲,54,54,不相關,0.0,男,1461
110,3,8,蘆洲區,54歲,54,54,不相關,0.0,女,1782
110,3,8,蘆洲區,55歲,55,55,不相關,0.0,男,1483
110,3,8,蘆洲區,55歲,55,55,不相關,0.0,女,1760
110,3,8,蘆洲區,56歲,56,56,不相關,0.0,男,1514
110,3,8,蘆洲區,56歲,56,56,不相關,0.0,女,1827
110,3,8,蘆洲區,57歲,57,57,不相關,0.0,男,1638
110,3,8,蘆洲區,57歲,57,57,不相關,0.0,女,1854
110,3,8,蘆洲區,58歲,58,58,不相關,0.0,男,1533
110,3,8,蘆洲區,58歲,58,58,不相關,0.0,女,1859
110,3,8,蘆洲區,59歲,59,59,不相關,0.0,男,1483
110,3,8,蘆洲區,59歲,59,59,不相關,0.0,女,1763
110,3,8,蘆洲區,60歲,60,60,不相關,0.0,男,1449
110,3,8,蘆洲區,60歲,60,60,不相關,0.0,女,1646
110,3,8,蘆洲區,61歲,61,61,不相關,0.0,男,1374
110,3,8,蘆洲區,61歲,61,61,不相關,0.0,女,1613
110,3,8,蘆洲區,62歲,62,62,不相關,0.0,男,1440
110,3,8,蘆洲區,62歲,62,62,不相關,0.0,女,1691
110,3,8,蘆洲區,63歲,63,63,不相關,0.0,男,1205
110,3,8,蘆洲區,63歲,63,63,不相關,0.0,女,1395
110,3,8,蘆洲區,64歲,64,64,不相關,0.0,男,1255
110,3,8,蘆洲區,64歲,64,64,不相關,0.0,女,1478
110,3,8,蘆洲區,65歲,65,65,不相關,0.0,男,1161
110,3,8,蘆洲區,65歲,65,65,不相關,0.0,女,1320
110,3,8,蘆洲區,66歲,66,66,不相關,0.0,男,1068
110,3,8,蘆洲區,66歲,66,66,不相關,0.0,女,1288
110,3,8,蘆洲區,67歲,67,67,不相關,0.0,男,983
110,3,8,蘆洲區,67歲,67,67,不相關,0.0,女,1149
110,3,8,蘆洲區,68歲,68,68,不相關,0.0,男,981
110,3,8,蘆洲區,68歲,68,68,不相關,0.0,女,1079
110,3,8,蘆洲區,69歲,69,69,不相關,0.0,男,936
110,3,8,蘆洲區,69歲,69,69,不相關,0.0,女,1069
110,3,8,蘆洲區,70歲,70,70,不相關,0.0,男,803
110,3,8,蘆洲區,70歲,70,70,不相關,0.0,女,861
110,3,8,蘆洲區,71歲,71,71,不相關,0.0,男,645
110,3,8,蘆洲區,71歲,71,71,不相關,0.0,女,826
110,3,8,蘆洲區,72歲,72,72,不相關,0.0,男,504
110,3,8,蘆洲區,72歲,72,72,不相關,0.0,女,665
110,3,8,蘆洲區,73歲,73,73,不相關,0.0,男,455
110,3,8,蘆洲區,73歲,73,73,不相關,0.0,女,525
110,3,8,蘆洲區,74歲,74,74,不相關,0.0,男,346
110,3,8,蘆洲區,74歲,74,74,不相關,0.0,女,397
110,3,8,蘆洲區,75歲,75,75,不相關,0.0,男,268
110,3,8,蘆洲區,75歲,75,75,不相關,0.0,女,359
110,3,8,蘆洲區,76歲,76,76,不相關,0.0,男,337
110,3,8,蘆洲區,76歲,76,76,不相關,0.0,女,416
110,3,8,蘆洲區,77歲,77,77,不相關,0.0,男,322
110,3,8,蘆洲區,77歲,77,77,不相關,0.0,女,392
110,3,8,蘆洲區,78歲,78,78,不相關,0.0,男,276
110,3,8,蘆洲區,78歲,78,78,不相關,0.0,女,372
110,3,8,蘆洲區,79歲,79,79,不相關,0.0,男,272
110,3,8,蘆洲區,79歲,79,79,不相關,0.0,女,332
110,3,8,蘆洲區,80歲,80,80,不相關,0.0,男,273
110,3,8,蘆洲區,80歲,80,80,不相關,0.0,女,345
110,3,8,蘆洲區,81歲,81,81,不相關,0.0,男,219
110,3,8,蘆洲區,81歲,81,81,不相關,0.0,女,279
110,3,8,蘆洲區,82歲,82,82,不相關,0.0,男,195
110,3,8,蘆洲區,82歲,82,82,不相關,0.0,女,246
110,3,8,蘆洲區,83歲,83,83,不相關,0.0,男,143
110,3,8,蘆洲區,83歲,83,83,不相關,0.0,女,228
110,3,8,蘆洲區,84歲,84,84,不相關,0.0,男,130
110,3,8,蘆洲區,84歲,84,84,不相關,0.0,女,200
110,3,8,蘆洲區,85歲,85,85,不相關,0.0,男,106
110,3,8,蘆洲區,85歲,85,85,不相關,0.0,女,181
110,3,8,蘆洲區,86歲,86,86,不相關,0.0,男,79
110,3,8,蘆洲區,86歲,86,86,不相關,0.0,女,148
110,3,8,蘆洲區,87歲,87,87,不相關,0.0,男,67
110,3,8,蘆洲區,87歲,87,87,不相關,0.0,女,127
110,3,8,蘆洲區,88歲,88,88,不相關,0.0,男,60
110,3,8,蘆洲區,88歲,88,88,不相關,0.0,女,77
110,3,8,蘆洲區,89歲,89,89,不相關,0.0,男,53
110,3,8,蘆洲區,89歲,89,89,不相關,0.0,女,81
110,3,8,蘆洲區,90歲,90,90,不相關,0.0,男,54
110,3,8,蘆洲區,90歲,90,90,不相關,0.0,女,83
110,3,8,蘆洲區,91歲,91,91,不相關,0.0,男,33
110,3,8,蘆洲區,91歲,91,91,不相關,0.0,女,58
110,3,8,蘆洲區,92歲,92,92,不相關,0.0,男,23
110,3,8,蘆洲區,92歲,92,92,不相關,0.0,女,52
110,3,8,蘆洲區,93歲,93,93,不相關,0.0,男,24
110,3,8,蘆洲區,93歲,93,93,不相關,0.0,女,30
110,3,8,蘆洲區,94歲,94,94,不相關,0.0,男,13
110,3,8,蘆洲區,94歲,94,94,不相關,0.0,女,31
110,3,8,蘆洲區,95歲,95,95,不相關,0.0,男,12
110,3,8,蘆洲區,95歲,95,95,不相關,0.0,女,26
110,3,8,蘆洲區,96歲,96,96,不相關,0.0,男,8
110,3,8,蘆洲區,96歲,96,96,不相關,0.0,女,16
110,3,8,蘆洲區,97歲,97,97,不相關,0.0,男,4
110,3,8,蘆洲區,97歲,97,97,不相關,0.0,女,6
110,3,8,蘆洲區,98歲,98,98,不相關,0.0,男,7
110,3,8,蘆洲區,98歲,98,98,不相關,0.0,女,4
110,3,8,蘆洲區,99歲,99,99,不相關,0.0,男,2
110,3,8,蘆洲區,99歲,99,99,不相關,0.0,女,8
110,3,8,蘆洲區,100歲以上,100,100,不相關,0.0,男,9
110,3,8,蘆洲區,100歲以上,100,100,不相關,0.0,女,14
110,4,8,蘆洲區,0歲,0,0,不相關,0.0,男,682
110,4,8,蘆洲區,0歲,0,0,不相關,0.0,女,651
110,4,8,蘆洲區,1歲,1,1,不相關,0.0,男,775
110,4,8,蘆洲區,1歲,1,1,不相關,0.0,女,708
110,4,8,蘆洲區,2歲,2,2,不相關,0.0,男,778
110,4,8,蘆洲區,2歲,2,2,不相關,0.0,女,765
110,4,8,蘆洲區,3歲,3,3,不相關,0.0,男,789
110,4,8,蘆洲區,3歲,3,3,不相關,0.0,女,820
110,4,8,蘆洲區,4歲,4,4,不相關,0.0,男,930
110,4,8,蘆洲區,4歲,4,4,不相關,0.0,女,814
110,4,8,蘆洲區,5歲,5,5,不相關,0.0,男,1027
110,4,8,蘆洲區,5歲,5,5,不相關,0.0,女,872
110,4,8,蘆洲區,6歲,6,6,不相關,0.0,男,1044
110,4,8,蘆洲區,6歲,6,6,不相關,0.0,女,978
110,4,8,蘆洲區,7歲,7,7,不相關,0.0,男,936
110,4,8,蘆洲區,7歲,7,7,不相關,0.0,女,866
110,4,8,蘆洲區,8歲,8,8,不相關,0.0,男,1165
110,4,8,蘆洲區,8歲,8,8,不相關,0.0,女,987
110,4,8,蘆洲區,9歲,9,9,不相關,0.0,男,956
110,4,8,蘆洲區,9歲,9,9,不相關,0.0,女,919
110,4,8,蘆洲區,10歲,10,10,不相關,0.0,男,765
110,4,8,蘆洲區,10歲,10,10,不相關,0.0,女,700
110,4,8,蘆洲區,11歲,11,11,不相關,0.0,男,874
110,4,8,蘆洲區,11歲,11,11,不相關,0.0,女,716
110,4,8,蘆洲區,12歲,12,12,不相關,0.0,男,863
110,4,8,蘆洲區,12歲,12,12,不相關,0.0,女,772
110,4,8,蘆洲區,13歲,13,13,不相關,0.0,男,921
110,4,8,蘆洲區,13歲,13,13,不相關,0.0,女,853
110,4,8,蘆洲區,14歲,14,14,不相關,0.0,男,988
110,4,8,蘆洲區,14歲,14,14,不相關,0.0,女,913
110,4,8,蘆洲區,15歲,15,15,不相關,0.0,男,926
110,4,8,蘆洲區,15歲,15,15,不相關,0.0,女,865
110,4,8,蘆洲區,16歲,16,16,不相關,0.0,男,993
110,4,8,蘆洲區,16歲,16,16,不相關,0.0,女,968
110,4,8,蘆洲區,17歲,17,17,不相關,0.0,男,1139
110,4,8,蘆洲區,17歲,17,17,不相關,0.0,女,976
110,4,8,蘆洲區,18歲,18,18,完全落入,1.0,男,1177
110,4,8,蘆洲區,18歲,18,18,完全落入,1.0,女,1029
110,4,8,蘆洲區,19歲,19,19,完全落入,1.0,男,1235
110,4,8,蘆洲區,19歲,19,19,完全落入,1.0,女,1094
110,4,8,蘆洲區,20歲,20,20,完全落入,1.0,男,1453
110,4,8,蘆洲區,20歲,20,20,完全落入,1.0,女,1365
110,4,8,蘆洲區,21歲,21,21,完全落入,1.0,男,1438
110,4,8,蘆洲區,21歲,21,21,完全落入,1.0,女,1306
110,4,8,蘆洲區,22歲,22,22,完全落入,1.0,男,1338
110,4,8,蘆洲區,22歲,22,22,完全落入,1.0,女,1229
110,4,8,蘆洲區,23歲,23,23,完全落入,1.0,男,1557
110,4,8,蘆洲區,23歲,23,23,完全落入,1.0,女,1374
110,4,8,蘆洲區,24歲,24,24,完全落入,1.0,男,1630
110,4,8,蘆洲區,24歲,24,24,完全落入,1.0,女,1453
110,4,8,蘆洲區,25歲,25,25,完全落入,1.0,男,1620
110,4,8,蘆洲區,25歲,25,25,完全落入,1.0,女,1514
110,4,8,蘆洲區,26歲,26,26,完全落入,1.0,男,1539
110,4,8,蘆洲區,26歲,26,26,完全落入,1.0,女,1462
110,4,8,蘆洲區,27歲,27,27,完全落入,1.0,男,1663
110,4,8,蘆洲區,27歲,27,27,完全落入,1.0,女,1542
110,4,8,蘆洲區,28歲,28,28,完全落入,1.0,男,1659
110,4,8,蘆洲區,28歲,28,28,完全落入,1.0,女,1512
110,4,8,蘆洲區,29歲,29,29,完全落入,1.0,男,1642
110,4,8,蘆洲區,29歲,29,29,完全落入,1.0,女,1493
110,4,8,蘆洲區,30歲,30,30,完全落入,1.0,男,1696
110,4,8,蘆洲區,30歲,30,30,完全落入,1.0,女,1522
110,4,8,蘆洲區,31歲,31,31,完全落入,1.0,男,1541
110,4,8,蘆洲區,31歲,31,31,完全落入,1.0,女,1452
110,4,8,蘆洲區,32歲,32,32,完全落入,1.0,男,1640
110,4,8,蘆洲區,32歲,32,32,完全落入,1.0,女,1537
110,4,8,蘆洲區,33歲,33,33,完全落入,1.0,男,1487
110,4,8,蘆洲區,33歲,33,33,完全落入,1.0,女,1442
110,4,8,蘆洲區,34歲,34,34,完全落入,1.0,男,1271
110,4,8,蘆洲區,34歲,34,34,完全落入,1.0,女,1318
110,4,8,蘆洲區,35歲,35,35,完全落入,1.0,男,1472
110,4,8,蘆洲區,35歲,35,35,完全落入,1.0,女,1505
110,4,8,蘆洲區,36歲,36,36,不相關,0.0,男,1577
110,4,8,蘆洲區,36歲,36,36,不相關,0.0,女,1505
110,4,8,蘆洲區,37歲,37,37,不相關,0.0,男,1570
110,4,8,蘆洲區,37歲,37,37,不相關,0.0,女,1580
110,4,8,蘆洲區,38歲,38,38,不相關,0.0,男,1728
110,4,8,蘆洲區,38歲,38,38,不相關,0.0,女,1757
110,4,8,蘆洲區,39歲,39,39,不相關,0.0,男,1774
110,4,8,蘆洲區,39歲,39,39,不相關,0.0,女,1807
110,4,8,蘆洲區,40歲,40,40,不相關,0.0,男,1777
110,4,8,蘆洲區,40歲,40,40,不相關,0.0,女,1853
110,4,8,蘆洲區,41歲,41,41,不相關,0.0,男,1729
110,4,8,蘆洲區,41歲,41,41,不相關,0.0,女,1947
110,4,8,蘆洲區,42歲,42,42,不相關,0.0,男,1774
110,4,8,蘆洲區,42歲,42,42,不相關,0.0,女,1882
110,4,8,蘆洲區,43歲,43,43,不相關,0.0,男,1609
110,4,8,蘆洲區,43歲,43,43,不相關,0.0,女,1752
110,4,8,蘆洲區,44歲,44,44,不相關,0.0,男,1790
110,4,8,蘆洲區,44歲,44,44,不相關,0.0,女,1825
110,4,8,蘆洲區,45歲,45,45,不相關,0.0,男,1501
110,4,8,蘆洲區,45歲,45,45,不相關,0.0,女,1680
110,4,8,蘆洲區,46歲,46,46,不相關,0.0,男,1451
110,4,8,蘆洲區,46歲,46,46,不相關,0.0,女,1669
110,4,8,蘆洲區,47歲,47,47,不相關,0.0,男,1501
110,4,8,蘆洲區,47歲,47,47,不相關,0.0,女,1664
110,4,8,蘆洲區,48歲,48,48,不相關,0.0,男,1480
110,4,8,蘆洲區,48歲,48,48,不相關,0.0,女,1506
110,4,8,蘆洲區,49歲,49,49,不相關,0.0,男,1474
110,4,8,蘆洲區,49歲,49,49,不相關,0.0,女,1629
110,4,8,蘆洲區,50歲,50,50,不相關,0.0,男,1532
110,4,8,蘆洲區,50歲,50,50,不相關,0.0,女,1737
110,4,8,蘆洲區,51歲,51,51,不相關,0.0,男,1537
110,4,8,蘆洲區,51歲,51,51,不相關,0.0,女,1695
110,4,8,蘆洲區,52歲,52,52,不相關,0.0,男,1441
110,4,8,蘆洲區,52歲,52,52,不相關,0.0,女,1843
110,4,8,蘆洲區,53歲,53,53,不相關,0.0,男,1454
110,4,8,蘆洲區,53歲,53,53,不相關,0.0,女,1769
110,4,8,蘆洲區,54歲,54,54,不相關,0.0,男,1462
110,4,8,蘆洲區,54歲,54,54,不相關,0.0,女,1780
110,4,8,蘆洲區,55歲,55,55,不相關,0.0,男,1468
110,4,8,蘆洲區,55歲,55,55,不相關,0.0,女,1749
110,4,8,蘆洲區,56歲,56,56,不相關,0.0,男,1496
110,4,8,蘆洲區,56歲,56,56,不相關,0.0,女,1831
110,4,8,蘆洲區,57歲,57,57,不相關,0.0,男,1651
110,4,8,蘆洲區,57歲,57,57,不相關,0.0,女,1826
110,4,8,蘆洲區,58歲,58,58,不相關,0.0,男,1527
110,4,8,蘆洲區,58歲,58,58,不相關,0.0,女,1871
110,4,8,蘆洲區,59歲,59,59,不相關,0.0,男,1484
110,4,8,蘆洲區,59歲,59,59,不相關,0.0,女,1774
110,4,8,蘆洲區,60歲,60,60,不相關,0.0,男,1456
110,4,8,蘆洲區,60歲,60,60,不相關,0.0,女,1627
110,4,8,蘆洲區,61歲,61,61,不相關,0.0,男,1382
110,4,8,蘆洲區,61歲,61,61,不相關,0.0,女,1638
110,4,8,蘆洲區,62歲,62,62,不相關,0.0,男,1444
110,4,8,蘆洲區,62歲,62,62,不相關,0.0,女,1699
110,4,8,蘆洲區,63歲,63,63,不相關,0.0,男,1208
110,4,8,蘆洲區,63歲,63,63,不相關,0.0,女,1418
110,4,8,蘆洲區,64歲,64,64,不相關,0.0,男,1268
110,4,8,蘆洲區,64歲,64,64,不相關,0.0,女,1469
110,4,8,蘆洲區,65歲,65,65,不相關,0.0,男,1147
110,4,8,蘆洲區,65歲,65,65,不相關,0.0,女,1322
110,4,8,蘆洲區,66歲,66,66,不相關,0.0,男,1101
110,4,8,蘆洲區,66歲,66,66,不相關,0.0,女,1300
110,4,8,蘆洲區,67歲,67,67,不相關,0.0,男,979
110,4,8,蘆洲區,67歲,67,67,不相關,0.0,女,1144
110,4,8,蘆洲區,68歲,68,68,不相關,0.0,男,962
110,4,8,蘆洲區,68歲,68,68,不相關,0.0,女,1075
110,4,8,蘆洲區,69歲,69,69,不相關,0.0,男,937
110,4,8,蘆洲區,69歲,69,69,不相關,0.0,女,1084
110,4,8,蘆洲區,70歲,70,70,不相關,0.0,男,795
110,4,8,蘆洲區,70歲,70,70,不相關,0.0,女,840
110,4,8,蘆洲區,71歲,71,71,不相關,0.0,男,661
110,4,8,蘆洲區,71歲,71,71,不相關,0.0,女,820
110,4,8,蘆洲區,72歲,72,72,不相關,0.0,男,546
110,4,8,蘆洲區,72歲,72,72,不相關,0.0,女,719
110,4,8,蘆洲區,73歲,73,73,不相關,0.0,男,435
110,4,8,蘆洲區,73歲,73,73,不相關,0.0,女,516
110,4,8,蘆洲區,74歲,74,74,不相關,0.0,男,365
110,4,8,蘆洲區,74歲,74,74,不相關,0.0,女,427
110,4,8,蘆洲區,75歲,75,75,不相關,0.0,男,263
110,4,8,蘆洲區,75歲,75,75,不相關,0.0,女,350
110,4,8,蘆洲區,76歲,76,76,不相關,0.0,男,333
110,4,8,蘆洲區,76歲,76,76,不相關,0.0,女,412
110,4,8,蘆洲區,77歲,77,77,不相關,0.0,男,319
110,4,8,蘆洲區,77歲,77,77,不相關,0.0,女,399
110,4,8,蘆洲區,78歲,78,78,不相關,0.0,男,293
110,4,8,蘆洲區,78歲,78,78,不相關,0.0,女,376
110,4,8,蘆洲區,79歲,79,79,不相關,0.0,男,257
110,4,8,蘆洲區,79歲,79,79,不相關,0.0,女,328
110,4,8,蘆洲區,80歲,80,80,不相關,0.0,男,277
110,4,8,蘆洲區,80歲,80,80,不相關,0.0,女,338
110,4,8,蘆洲區,81歲,81,81,不相關,0.0,男,226
110,4,8,蘆洲區,81歲,81,81,不相關,0.0,女,284
110,4,8,蘆洲區,82歲,82,82,不相關,0.0,男,194
110,4,8,蘆洲區,82歲,82,82,不相關,0.0,女,251
110,4,8,蘆洲區,83歲,83,83,不相關,0.0,男,140
110,4,8,蘆洲區,83歲,83,83,不相關,0.0,女,233
110,4,8,蘆洲區,84歲,84,84,不相關,0.0,男,139
110,4,8,蘆洲區,84歲,84,84,不相關,0.0,女,195
110,4,8,蘆洲區,85歲,85,85,不相關,0.0,男,103
110,4,8,蘆洲區,85歲,85,85,不相關,0.0,女,176
110,4,8,蘆洲區,86歲,86,86,不相關,0.0,男,80
110,4,8,蘆洲區,86歲,86,86,不相關,0.0,女,159
110,4,8,蘆洲區,87歲,87,87,不相關,0.0,男,66
110,4,8,蘆洲區,87歲,87,87,不相關,0.0,女,122
110,4,8,蘆洲區,88歲,88,88,不相關,0.0,男,59
110,4,8,蘆洲區,88歲,88,88,不相關,0.0,女,76
110,4,8,蘆洲區,89歲,89,89,不相關,0.0,男,54
110,4,8,蘆洲區,89歲,89,89,不相關,0.0,女,81
110,4,8,蘆洲區,90歲,90,90,不相關,0.0,男,53
110,4,8,蘆洲區,90歲,90,90,不相關,0.0,女,87
110,4,8,蘆洲區,91歲,91,91,不相關,0.0,男,36
110,4,8,蘆洲區,91歲,91,91,不相關,0.0,女,59
110,4,8,蘆洲區,92歲,92,92,不相關,0.0,男,22
110,4,8,蘆洲區,92歲,92,92,不相關,0.0,女,50
110,4,8,蘆洲區,93歲,93,93,不相關,0.0,男,24
110,4,8,蘆洲區,93歲,93,93,不相關,0.0,女,30
110,4,8,蘆洲區,94歲,94,94,不相關,0.0,男,13
110,4,8,蘆洲區,94歲,94,94,不相關,0.0,女,31
110,4,8,蘆洲區,95歲,95,95,不相關,0.0,男,13
110,4,8,蘆洲區,95歲,95,95,不相關,0.0,女,25
110,4,8,蘆洲區,96歲,96,96,不相關,0.0,男,8
110,4,8,蘆洲區,96歲,96,96,不相關,0.0,女,15
110,4,8,蘆洲區,97歲,97,97,不相關,0.0,男,5
110,4,8,蘆洲區,97歲,97,97,不相關,0.0,女,5
110,4,8,蘆洲區,98歲,98,98,不相關,0.0,男,7
110,4,8,蘆洲區,98歲,98,98,不相關,0.0,女,5
110,4,8,蘆洲區,99歲,99,99,不相關,0.0,男,2
110,4,8,蘆洲區,99歲,99,99,不相關,0.0,女,8
110,4,8,蘆洲區,100歲以上,100,100,不相關,0.0,男,9
110,4,8,蘆洲區,100歲以上,100,100,不相關,0.0,女,14
110,5,8,蘆洲區,0歲,0,0,不相關,0.0,男,672
110,5,8,蘆洲區,0歲,0,0,不相關,0.0,女,633
110,5,8,蘆洲區,1歲,1,1,不相關,0.0,男,762
110,5,8,蘆洲區,1歲,1,1,不相關,0.0,女,705
110,5,8,蘆洲區,2歲,2,2,不相關,0.0,男,783
110,5,8,蘆洲區,2歲,2,2,不相關,0.0,女,786
110,5,8,蘆洲區,3歲,3,3,不相關,0.0,男,797
110,5,8,蘆洲區,3歲,3,3,不相關,0.0,女,797
110,5,8,蘆洲區,4歲,4,4,不相關,0.0,男,901
110,5,8,蘆洲區,4歲,4,4,不相關,0.0,女,829
110,5,8,蘆洲區,5歲,5,5,不相關,0.0,男,1027
110,5,8,蘆洲區,5歲,5,5,不相關,0.0,女,866
110,5,8,蘆洲區,6歲,6,6,不相關,0.0,男,1066
110,5,8,蘆洲區,6歲,6,6,不相關,0.0,女,978
110,5,8,蘆洲區,7歲,7,7,不相關,0.0,男,915
110,5,8,蘆洲區,7歲,7,7,不相關,0.0,女,889
110,5,8,蘆洲區,8歲,8,8,不相關,0.0,男,1173
110,5,8,蘆洲區,8歲,8,8,不相關,0.0,女,966
110,5,8,蘆洲區,9歲,9,9,不相關,0.0,男,979
110,5,8,蘆洲區,9歲,9,9,不相關,0.0,女,928
110,5,8,蘆洲區,10歲,10,10,不相關,0.0,男,759
110,5,8,蘆洲區,10歲,10,10,不相關,0.0,女,707
110,5,8,蘆洲區,11歲,11,11,不相關,0.0,男,856
110,5,8,蘆洲區,11歲,11,11,不相關,0.0,女,710
110,5,8,蘆洲區,12歲,12,12,不相關,0.0,男,850
110,5,8,蘆洲區,12歲,12,12,不相關,0.0,女,766
110,5,8,蘆洲區,13歲,13,13,不相關,0.0,男,934
110,5,8,蘆洲區,13歲,13,13,不相關,0.0,女,832
110,5,8,蘆洲區,14歲,14,14,不相關,0.0,男,982
110,5,8,蘆洲區,14歲,14,14,不相關,0.0,女,916
110,5,8,蘆洲區,15歲,15,15,不相關,0.0,男,936
110,5,8,蘆洲區,15歲,15,15,不相關,0.0,女,867
110,5,8,蘆洲區,16歲,16,16,不相關,0.0,男,978
110,5,8,蘆洲區,16歲,16,16,不相關,0.0,女,970
110,5,8,蘆洲區,17歲,17,17,不相關,0.0,男,1127
110,5,8,蘆洲區,17歲,17,17,不相關,0.0,女,975
110,5,8,蘆洲區,18歲,18,18,完全落入,1.0,男,1161
110,5,8,蘆洲區,18歲,18,18,完全落入,1.0,女,1030
110,5,8,蘆洲區,19歲,19,19,完全落入,1.0,男,1232
110,5,8,蘆洲區,19歲,19,19,完全落入,1.0,女,1077
110,5,8,蘆洲區,20歲,20,20,完全落入,1.0,男,1436
110,5,8,蘆洲區,20歲,20,20,完全落入,1.0,女,1351
110,5,8,蘆洲區,21歲,21,21,完全落入,1.0,男,1440
110,5,8,蘆洲區,21歲,21,21,完全落入,1.0,女,1304
110,5,8,蘆洲區,22歲,22,22,完全落入,1.0,男,1350
110,5,8,蘆洲區,22歲,22,22,完全落入,1.0,女,1263
110,5,8,蘆洲區,23歲,23,23,完全落入,1.0,男,1511
110,5,8,蘆洲區,23歲,23,23,完全落入,1.0,女,1332
110,5,8,蘆洲區,24歲,24,24,完全落入,1.0,男,1655
110,5,8,蘆洲區,24歲,24,24,完全落入,1.0,女,1451
110,5,8,蘆洲區,25歲,25,25,完全落入,1.0,男,1613
110,5,8,蘆洲區,25歲,25,25,完全落入,1.0,女,1499
110,5,8,蘆洲區,26歲,26,26,完全落入,1.0,男,1539
110,5,8,蘆洲區,26歲,26,26,完全落入,1.0,女,1493
110,5,8,蘆洲區,27歲,27,27,完全落入,1.0,男,1686
110,5,8,蘆洲區,27歲,27,27,完全落入,1.0,女,1528
110,5,8,蘆洲區,28歲,28,28,完全落入,1.0,男,1650
110,5,8,蘆洲區,28歲,28,28,完全落入,1.0,女,1519
110,5,8,蘆洲區,29歲,29,29,完全落入,1.0,男,1629
110,5,8,蘆洲區,29歲,29,29,完全落入,1.0,女,1454
110,5,8,蘆洲區,30歲,30,30,完全落入,1.0,男,1689
110,5,8,蘆洲區,30歲,30,30,完全落入,1.0,女,1529
110,5,8,蘆洲區,31歲,31,31,完全落入,1.0,男,1550
110,5,8,蘆洲區,31歲,31,31,完全落入,1.0,女,1479
110,5,8,蘆洲區,32歲,32,32,完全落入,1.0,男,1622
110,5,8,蘆洲區,32歲,32,32,完全落入,1.0,女,1517
110,5,8,蘆洲區,33歲,33,33,完全落入,1.0,男,1520
110,5,8,蘆洲區,33歲,33,33,完全落入,1.0,女,1448
110,5,8,蘆洲區,34歲,34,34,完全落入,1.0,男,1294
110,5,8,蘆洲區,34歲,34,34,完全落入,1.0,女,1323
110,5,8,蘆洲區,35歲,35,35,完全落入,1.0,男,1444
110,5,8,蘆洲區,35歲,35,35,完全落入,1.0,女,1500
110,5,8,蘆洲區,36歲,36,36,不相關,0.0,男,1586
110,5,8,蘆洲區,36歲,36,36,不相關,0.0,女,1505
110,5,8,蘆洲區,37歲,37,37,不相關,0.0,男,1541
110,5,8,蘆洲區,37歲,37,37,不相關,0.0,女,1570
110,5,8,蘆洲區,38歲,38,38,不相關,0.0,男,1731
110,5,8,蘆洲區,38歲,38,38,不相關,0.0,女,1742
110,5,8,蘆洲區,39歲,39,39,不相關,0.0,男,1764
110,5,8,蘆洲區,39歲,39,39,不相關,0.0,女,1826
110,5,8,蘆洲區,40歲,40,40,不相關,0.0,男,1788
110,5,8,蘆洲區,40歲,40,40,不相關,0.0,女,1844
110,5,8,蘆洲區,41歲,41,41,不相關,0.0,男,1734
110,5,8,蘆洲區,41歲,41,41,不相關,0.0,女,1918
110,5,8,蘆洲區,42歲,42,42,不相關,0.0,男,1771
110,5,8,蘆洲區,42歲,42,42,不相關,0.0,女,1870
110,5,8,蘆洲區,43歲,43,43,不相關,0.0,男,1611
110,5,8,蘆洲區,43歲,43,43,不相關,0.0,女,1766
110,5,8,蘆洲區,44歲,44,44,不相關,0.0,男,1769
110,5,8,蘆洲區,44歲,44,44,不相關,0.0,女,1828
110,5,8,蘆洲區,45歲,45,45,不相關,0.0,男,1551
110,5,8,蘆洲區,45歲,45,45,不相關,0.0,女,1686
110,5,8,蘆洲區,46歲,46,46,不相關,0.0,男,1440
110,5,8,蘆洲區,46歲,46,46,不相關,0.0,女,1696
110,5,8,蘆洲區,47歲,47,47,不相關,0.0,男,1503
110,5,8,蘆洲區,47歲,47,47,不相關,0.0,女,1637
110,5,8,蘆洲區,48歲,48,48,不相關,0.0,男,1471
110,5,8,蘆洲區,48歲,48,48,不相關,0.0,女,1521
110,5,8,蘆洲區,49歲,49,49,不相關,0.0,男,1461
110,5,8,蘆洲區,49歲,49,49,不相關,0.0,女,1622
110,5,8,蘆洲區,50歲,50,50,不相關,0.0,男,1543
110,5,8,蘆洲區,50歲,50,50,不相關,0.0,女,1719
110,5,8,蘆洲區,51歲,51,51,不相關,0.0,男,1537
110,5,8,蘆洲區,51歲,51,51,不相關,0.0,女,1700
110,5,8,蘆洲區,52歲,52,52,不相關,0.0,男,1438
110,5,8,蘆洲區,52歲,52,52,不相關,0.0,女,1839
110,5,8,蘆洲區,53歲,53,53,不相關,0.0,男,1469
110,5,8,蘆洲區,53歲,53,53,不相關,0.0,女,1786
110,5,8,蘆洲區,54歲,54,54,不相關,0.0,男,1446
110,5,8,蘆洲區,54歲,54,54,不相關,0.0,女,1772
110,5,8,蘆洲區,55歲,55,55,不相關,0.0,男,1479
110,5,8,蘆洲區,55歲,55,55,不相關,0.0,女,1731
110,5,8,蘆洲區,56歲,56,56,不相關,0.0,男,1470
110,5,8,蘆洲區,56歲,56,56,不相關,0.0,女,1814
110,5,8,蘆洲區,57歲,57,57,不相關,0.0,男,1638
110,5,8,蘆洲區,57歲,57,57,不相關,0.0,女,1840
110,5,8,蘆洲區,58歲,58,58,不相關,0.0,男,1546
110,5,8,蘆洲區,58歲,58,58,不相關,0.0,女,1885
110,5,8,蘆洲區,59歲,59,59,不相關,0.0,男,1480
110,5,8,蘆洲區,59歲,59,59,不相關,0.0,女,1771
110,5,8,蘆洲區,60歲,60,60,不相關,0.0,男,1471
110,5,8,蘆洲區,60歲,60,60,不相關,0.0,女,1638
110,5,8,蘆洲區,61歲,61,61,不相關,0.0,男,1356
110,5,8,蘆洲區,61歲,61,61,不相關,0.0,女,1613
110,5,8,蘆洲區,62歲,62,62,不相關,0.0,男,1449
110,5,8,蘆洲區,62歲,62,62,不相關,0.0,女,1708
110,5,8,蘆洲區,63歲,63,63,不相關,0.0,男,1236
110,5,8,蘆洲區,63歲,63,63,不相關,0.0,女,1448
110,5,8,蘆洲區,64歲,64,64,不相關,0.0,男,1243
110,5,8,蘆洲區,64歲,64,64,不相關,0.0,女,1427
110,5,8,蘆洲區,65歲,65,65,不相關,0.0,男,1174
110,5,8,蘆洲區,65歲,65,65,不相關,0.0,女,1337
110,5,8,蘆洲區,66歲,66,66,不相關,0.0,男,1112
110,5,8,蘆洲區,66歲,66,66,不相關,0.0,女,1326
110,5,8,蘆洲區,67歲,67,67,不相關,0.0,男,984
110,5,8,蘆洲區,67歲,67,67,不相關,0.0,女,1154
110,5,8,蘆洲區,68歲,68,68,不相關,0.0,男,945
110,5,8,蘆洲區,68歲,68,68,不相關,0.0,女,1053
110,5,8,蘆洲區,69歲,69,69,不相關,0.0,男,952
110,5,8,蘆洲區,69歲,69,69,不相關,0.0,女,1081
110,5,8,蘆洲區,70歲,70,70,不相關,0.0,男,812
110,5,8,蘆洲區,70歲,70,70,不相關,0.0,女,883
110,5,8,蘆洲區,71歲,71,71,不相關,0.0,男,673
110,5,8,蘆洲區,71歲,71,71,不相關,0.0,女,828
110,5,8,蘆洲區,72歲,72,72,不相關,0.0,男,517
110,5,8,蘆洲區,72歲,72,72,不相關,0.0,女,692
110,5,8,蘆洲區,73歲,73,73,不相關,0.0,男,456
110,5,8,蘆洲區,73歲,73,73,不相關,0.0,女,532
110,5,8,蘆洲區,74歲,74,74,不相關,0.0,男,374
110,5,8,蘆洲區,74歲,74,74,不相關,0.0,女,437
110,5,8,蘆洲區,75歲,75,75,不相關,0.0,男,268
110,5,8,蘆洲區,75歲,75,75,不相關,0.0,女,339
110,5,8,蘆洲區,76歲,76,76,不相關,0.0,男,332
110,5,8,蘆洲區,76歲,76,76,不相關,0.0,女,417
110,5,8,蘆洲區,77歲,77,77,不相關,0.0,男,310
110,5,8,蘆洲區,77歲,77,77,不相關,0.0,女,389
110,5,8,蘆洲區,78歲,78,78,不相關,0.0,男,300
110,5,8,蘆洲區,78歲,78,78,不相關,0.0,女,379
110,5,8,蘆洲區,79歲,79,79,不相關,0.0,男,266
110,5,8,蘆洲區,79歲,79,79,不相關,0.0,女,336
110,5,8,蘆洲區,80歲,80,80,不相關,0.0,男,263
110,5,8,蘆洲區,80歲,80,80,不相關,0.0,女,333
110,5,8,蘆洲區,81歲,81,81,不相關,0.0,男,234
110,5,8,蘆洲區,81歲,81,81,不相關,0.0,女,287
110,5,8,蘆洲區,82歲,82,82,不相關,0.0,男,186
110,5,8,蘆洲區,82歲,82,82,不相關,0.0,女,254
110,5,8,蘆洲區,83歲,83,83,不相關,0.0,男,146
110,5,8,蘆洲區,83歲,83,83,不相關,0.0,女,229
110,5,8,蘆洲區,84歲,84,84,不相關,0.0,男,134
110,5,8,蘆洲區,84歲,84,84,不相關,0.0,女,201
110,5,8,蘆洲區,85歲,85,85,不相關,0.0,男,109
110,5,8,蘆洲區,85歲,85,85,不相關,0.0,女,178
110,5,8,蘆洲區,86歲,86,86,不相關,0.0,男,81
110,5,8,蘆洲區,86歲,86,86,不相關,0.0,女,158
110,5,8,蘆洲區,87歲,87,87,不相關,0.0,男,65
110,5,8,蘆洲區,87歲,87,87,不相關,0.0,女,127
110,5,8,蘆洲區,88歲,88,88,不相關,0.0,男,59
110,5,8,蘆洲區,88歲,88,88,不相關,0.0,女,77
110,5,8,蘆洲區,89歲,89,89,不相關,0.0,男,54
110,5,8,蘆洲區,89歲,89,89,不相關,0.0,女,78
110,5,8,蘆洲區,90歲,90,90,不相關,0.0,男,54
110,5,8,蘆洲區,90歲,90,90,不相關,0.0,女,84
110,5,8,蘆洲區,91歲,91,91,不相關,0.0,男,34
110,5,8,蘆洲區,91歲,91,91,不相關,0.0,女,60
110,5,8,蘆洲區,92歲,92,92,不相關,0.0,男,24
110,5,8,蘆洲區,92歲,92,92,不相關,0.0,女,46
110,5,8,蘆洲區,93歲,93,93,不相關,0.0,男,22
110,5,8,蘆洲區,93歲,93,93,不相關,0.0,女,32
110,5,8,蘆洲區,94歲,94,94,不相關,0.0,男,14
110,5,8,蘆洲區,94歲,94,94,不相關,0.0,女,34
110,5,8,蘆洲區,95歲,95,95,不相關,0.0,男,12
110,5,8,蘆洲區,95歲,95,95,不相關,0.0,女,24
110,5,8,蘆洲區,96歲,96,96,不相關,0.0,男,9
110,5,8,蘆洲區,96歲,96,96,不相關,0.0,女,15
110,5,8,蘆洲區,97歲,97,97,不相關,0.0,男,5
110,5,8,蘆洲區,97歲,97,97,不相關,0.0,女,6
110,5,8,蘆洲區,98歲,98,98,不相關,0.0,男,6
110,5,8,蘆洲區,98歲,98,98,不相關,0.0,女,5
110,5,8,蘆洲區,99歲,99,99,不相關,0.0,男,2
110,5,8,蘆洲區,99歲,99,99,不相關,0.0,女,8
110,5,8,蘆洲區,100歲以上,100,100,不相關,0.0,男,10
110,5,8,蘆洲區,100歲以上,100,100,不相關,0.0,女,14
110,6,8,蘆洲區,0歲,0,0,不相關,0.0,男,683
110,6,8,蘆洲區,0歲,0,0,不相關,0.0,女,653
110,6,8,蘆洲區,1歲,1,1,不相關,0.0,男,757
110,6,8,蘆洲區,1歲,1,1,不相關,0.0,女,687
110,6,8,蘆洲區,2歲,2,2,不相關,0.0,男,795
110,6,8,蘆洲區,2歲,2,2,不相關,0.0,女,787
110,6,8,蘆洲區,3歲,3,3,不相關,0.0,男,787
110,6,8,蘆洲區,3歲,3,3,不相關,0.0,女,778
110,6,8,蘆洲區,4歲,4,4,不相關,0.0,男,894
110,6,8,蘆洲區,4歲,4,4,不相關,0.0,女,820
110,6,8,蘆洲區,5歲,5,5,不相關,0.0,男,1007
110,6,8,蘆洲區,5歲,5,5,不相關,0.0,女,877
110,6,8,蘆洲區,6歲,6,6,不相關,0.0,男,1078
110,6,8,蘆洲區,6歲,6,6,不相關,0.0,女,959
110,6,8,蘆洲區,7歲,7,7,不相關,0.0,男,919
110,6,8,蘆洲區,7歲,7,7,不相關,0.0,女,904
110,6,8,蘆洲區,8歲,8,8,不相關,0.0,男,1142
110,6,8,蘆洲區,8歲,8,8,不相關,0.0,女,981
110,6,8,蘆洲區,9歲,9,9,不相關,0.0,男,1010
110,6,8,蘆洲區,9歲,9,9,不相關,0.0,女,928
110,6,8,蘆洲區,10歲,10,10,不相關,0.0,男,767
110,6,8,蘆洲區,10歲,10,10,不相關,0.0,女,717
110,6,8,蘆洲區,11歲,11,11,不相關,0.0,男,850
110,6,8,蘆洲區,11歲,11,11,不相關,0.0,女,707
110,6,8,蘆洲區,12歲,12,12,不相關,0.0,男,845
110,6,8,蘆洲區,12歲,12,12,不相關,0.0,女,747
110,6,8,蘆洲區,13歲,13,13,不相關,0.0,男,908
110,6,8,蘆洲區,13歲,13,13,不相關,0.0,女,821
110,6,8,蘆洲區,14歲,14,14,不相關,0.0,男,996
110,6,8,蘆洲區,14歲,14,14,不相關,0.0,女,907
110,6,8,蘆洲區,15歲,15,15,不相關,0.0,男,940
110,6,8,蘆洲區,15歲,15,15,不相關,0.0,女,871
110,6,8,蘆洲區,16歲,16,16,不相關,0.0,男,978
110,6,8,蘆洲區,16歲,16,16,不相關,0.0,女,970
110,6,8,蘆洲區,17歲,17,17,不相關,0.0,男,1106
110,6,8,蘆洲區,17歲,17,17,不相關,0.0,女,963
110,6,8,蘆洲區,18歲,18,18,完全落入,1.0,男,1171
110,6,8,蘆洲區,18歲,18,18,完全落入,1.0,女,1035
110,6,8,蘆洲區,19歲,19,19,完全落入,1.0,男,1200
110,6,8,蘆洲區,19歲,19,19,完全落入,1.0,女,1059
110,6,8,蘆洲區,20歲,20,20,完全落入,1.0,男,1441
110,6,8,蘆洲區,20歲,20,20,完全落入,1.0,女,1336
110,6,8,蘆洲區,21歲,21,21,完全落入,1.0,男,1448
110,6,8,蘆洲區,21歲,21,21,完全落入,1.0,女,1296
110,6,8,蘆洲區,22歲,22,22,完全落入,1.0,男,1345
110,6,8,蘆洲區,22歲,22,22,完全落入,1.0,女,1271
110,6,8,蘆洲區,23歲,23,23,完全落入,1.0,男,1491
110,6,8,蘆洲區,23歲,23,23,完全落入,1.0,女,1323
110,6,8,蘆洲區,24歲,24,24,完全落入,1.0,男,1652
110,6,8,蘆洲區,24歲,24,24,完全落入,1.0,女,1455
110,6,8,蘆洲區,25歲,25,25,完全落入,1.0,男,1596
110,6,8,蘆洲區,25歲,25,25,完全落入,1.0,女,1516
110,6,8,蘆洲區,26歲,26,26,完全落入,1.0,男,1561
110,6,8,蘆洲區,26歲,26,26,完全落入,1.0,女,1470
110,6,8,蘆洲區,27歲,27,27,完全落入,1.0,男,1665
110,6,8,蘆洲區,27歲,27,27,完全落入,1.0,女,1509
110,6,8,蘆洲區,28歲,28,28,完全落入,1.0,男,1651
110,6,8,蘆洲區,28歲,28,28,完全落入,1.0,女,1517
110,6,8,蘆洲區,29歲,29,29,完全落入,1.0,男,1618
110,6,8,蘆洲區,29歲,29,29,完全落入,1.0,女,1467
110,6,8,蘆洲區,30歲,30,30,完全落入,1.0,男,1677
110,6,8,蘆洲區,30歲,30,30,完全落入,1.0,女,1497
110,6,8,蘆洲區,31歲,31,31,完全落入,1.0,男,1582
110,6,8,蘆洲區,31歲,31,31,完全落入,1.0,女,1503
110,6,8,蘆洲區,32歲,32,32,完全落入,1.0,男,1598
110,6,8,蘆洲區,32歲,32,32,完全落入,1.0,女,1513
110,6,8,蘆洲區,33歲,33,33,完全落入,1.0,男,1540
110,6,8,蘆洲區,33歲,33,33,完全落入,1.0,女,1450
110,6,8,蘆洲區,34歲,34,34,完全落入,1.0,男,1317
110,6,8,蘆洲區,34歲,34,34,完全落入,1.0,女,1328
110,6,8,蘆洲區,35歲,35,35,完全落入,1.0,男,1429
110,6,8,蘆洲區,35歲,35,35,完全落入,1.0,女,1481
110,6,8,蘆洲區,36歲,36,36,不相關,0.0,男,1576
110,6,8,蘆洲區,36歲,36,36,不相關,0.0,女,1536
110,6,8,蘆洲區,37歲,37,37,不相關,0.0,男,1529
110,6,8,蘆洲區,37歲,37,37,不相關,0.0,女,1533
110,6,8,蘆洲區,38歲,38,38,不相關,0.0,男,1717
110,6,8,蘆洲區,38歲,38,38,不相關,0.0,女,1761
110,6,8,蘆洲區,39歲,39,39,不相關,0.0,男,1754
110,6,8,蘆洲區,39歲,39,39,不相關,0.0,女,1812
110,6,8,蘆洲區,40歲,40,40,不相關,0.0,男,1794
110,6,8,蘆洲區,40歲,40,40,不相關,0.0,女,1807
110,6,8,蘆洲區,41歲,41,41,不相關,0.0,男,1747
110,6,8,蘆洲區,41歲,41,41,不相關,0.0,女,1900
110,6,8,蘆洲區,42歲,42,42,不相關,0.0,男,1744
110,6,8,蘆洲區,42歲,42,42,不相關,0.0,女,1881
110,6,8,蘆洲區,43歲,43,43,不相關,0.0,男,1625
110,6,8,蘆洲區,43歲,43,43,不相關,0.0,女,1763
110,6,8,蘆洲區,44歲,44,44,不相關,0.0,男,1780
110,6,8,蘆洲區,44歲,44,44,不相關,0.0,女,1857
110,6,8,蘆洲區,45歲,45,45,不相關,0.0,男,1557
110,6,8,蘆洲區,45歲,45,45,不相關,0.0,女,1679
110,6,8,蘆洲區,46歲,46,46,不相關,0.0,男,1450
110,6,8,蘆洲區,46歲,46,46,不相關,0.0,女,1687
110,6,8,蘆洲區,47歲,47,47,不相關,0.0,男,1497
110,6,8,蘆洲區,47歲,47,47,不相關,0.0,女,1640
110,6,8,蘆洲區,48歲,48,48,不相關,0.0,男,1463
110,6,8,蘆洲區,48歲,48,48,不相關,0.0,女,1511
110,6,8,蘆洲區,49歲,49,49,不相關,0.0,男,1464
110,6,8,蘆洲區,49歲,49,49,不相關,0.0,女,1641
110,6,8,蘆洲區,50歲,50,50,不相關,0.0,男,1548
110,6,8,蘆洲區,50歲,50,50,不相關,0.0,女,1697
110,6,8,蘆洲區,51歲,51,51,不相關,0.0,男,1536
110,6,8,蘆洲區,51歲,51,51,不相關,0.0,女,1690
110,6,8,蘆洲區,52歲,52,52,不相關,0.0,男,1421
110,6,8,蘆洲區,52歲,52,52,不相關,0.0,女,1837
110,6,8,蘆洲區,53歲,53,53,不相關,0.0,男,1455
110,6,8,蘆洲區,53歲,53,53,不相關,0.0,女,1792
110,6,8,蘆洲區,54歲,54,54,不相關,0.0,男,1459
110,6,8,蘆洲區,54歲,54,54,不相關,0.0,女,1780
110,6,8,蘆洲區,55歲,55,55,不相關,0.0,男,1497
110,6,8,蘆洲區,55歲,55,55,不相關,0.0,女,1718
110,6,8,蘆洲區,56歲,56,56,不相關,0.0,男,1478
110,6,8,蘆洲區,56歲,56,56,不相關,0.0,女,1850
110,6,8,蘆洲區,57歲,57,57,不相關,0.0,男,1616
110,6,8,蘆洲區,57歲,57,57,不相關,0.0,女,1839
110,6,8,蘆洲區,58歲,58,58,不相關,0.0,男,1536
110,6,8,蘆洲區,58歲,58,58,不相關,0.0,女,1845
110,6,8,蘆洲區,59歲,59,59,不相關,0.0,男,1488
110,6,8,蘆洲區,59歲,59,59,不相關,0.0,女,1783
110,6,8,蘆洲區,60歲,60,60,不相關,0.0,男,1467
110,6,8,蘆洲區,60歲,60,60,不相關,0.0,女,1665
110,6,8,蘆洲區,61歲,61,61,不相關,0.0,男,1365
110,6,8,蘆洲區,61歲,61,61,不相關,0.0,女,1594
110,6,8,蘆洲區,62歲,62,62,不相關,0.0,男,1423
110,6,8,蘆洲區,62歲,62,62,不相關,0.0,女,1711
110,6,8,蘆洲區,63歲,63,63,不相關,0.0,男,1267
110,6,8,蘆洲區,63歲,63,63,不相關,0.0,女,1461
110,6,8,蘆洲區,64歲,64,64,不相關,0.0,男,1237
110,6,8,蘆洲區,64歲,64,64,不相關,0.0,女,1412
110,6,8,蘆洲區,65歲,65,65,不相關,0.0,男,1204
110,6,8,蘆洲區,65歲,65,65,不相關,0.0,女,1354
110,6,8,蘆洲區,66歲,66,66,不相關,0.0,男,1108
110,6,8,蘆洲區,66歲,66,66,不相關,0.0,女,1315
110,6,8,蘆洲區,67歲,67,67,不相關,0.0,男,982
110,6,8,蘆洲區,67歲,67,67,不相關,0.0,女,1164
110,6,8,蘆洲區,68歲,68,68,不相關,0.0,男,945
110,6,8,蘆洲區,68歲,68,68,不相關,0.0,女,1070
110,6,8,蘆洲區,69歲,69,69,不相關,0.0,男,949
110,6,8,蘆洲區,69歲,69,69,不相關,0.0,女,1069
110,6,8,蘆洲區,70歲,70,70,不相關,0.0,男,827
110,6,8,蘆洲區,70歲,70,70,不相關,0.0,女,920
110,6,8,蘆洲區,71歲,71,71,不相關,0.0,男,683
110,6,8,蘆洲區,71歲,71,71,不相關,0.0,女,818
110,6,8,蘆洲區,72歲,72,72,不相關,0.0,男,512
110,6,8,蘆洲區,72歲,72,72,不相關,0.0,女,700
110,6,8,蘆洲區,73歲,73,73,不相關,0.0,男,461
110,6,8,蘆洲區,73歲,73,73,不相關,0.0,女,544
110,6,8,蘆洲區,74歲,74,74,不相關,0.0,男,383
110,6,8,蘆洲區,74歲,74,74,不相關,0.0,女,444
110,6,8,蘆洲區,75歲,75,75,不相關,0.0,男,262
110,6,8,蘆洲區,75歲,75,75,不相關,0.0,女,327
110,6,8,蘆洲區,76歲,76,76,不相關,0.0,男,332
110,6,8,蘆洲區,76歲,76,76,不相關,0.0,女,413
110,6,8,蘆洲區,77歲,77,77,不相關,0.0,男,310
110,6,8,蘆洲區,77歲,77,77,不相關,0.0,女,396
110,6,8,蘆洲區,78歲,78,78,不相關,0.0,男,298
110,6,8,蘆洲區,78歲,78,78,不相關,0.0,女,376
110,6,8,蘆洲區,79歲,79,79,不相關,0.0,男,268
110,6,8,蘆洲區,79歲,79,79,不相關,0.0,女,336
110,6,8,蘆洲區,80歲,80,80,不相關,0.0,男,252
110,6,8,蘆洲區,80歲,80,80,不相關,0.0,女,332
110,6,8,蘆洲區,81歲,81,81,不相關,0.0,男,242
110,6,8,蘆洲區,81歲,81,81,不相關,0.0,女,294
110,6,8,蘆洲區,82歲,82,82,不相關,0.0,男,186
110,6,8,蘆洲區,82歲,82,82,不相關,0.0,女,244
110,6,8,蘆洲區,83歲,83,83,不相關,0.0,男,146
110,6,8,蘆洲區,83歲,83,83,不相關,0.0,女,230
110,6,8,蘆洲區,84歲,84,84,不相關,0.0,男,134
110,6,8,蘆洲區,84歲,84,84,不相關,0.0,女,206
110,6,8,蘆洲區,85歲,85,85,不相關,0.0,男,108
110,6,8,蘆洲區,85歲,85,85,不相關,0.0,女,171
110,6,8,蘆洲區,86歲,86,86,不相關,0.0,男,82
110,6,8,蘆洲區,86歲,86,86,不相關,0.0,女,163
110,6,8,蘆洲區,87歲,87,87,不相關,0.0,男,65
110,6,8,蘆洲區,87歲,87,87,不相關,0.0,女,129
110,6,8,蘆洲區,88歲,88,88,不相關,0.0,男,57
110,6,8,蘆洲區,88歲,88,88,不相關,0.0,女,79
110,6,8,蘆洲區,89歲,89,89,不相關,0.0,男,55
110,6,8,蘆洲區,89歲,89,89,不相關,0.0,女,77
110,6,8,蘆洲區,90歲,90,90,不相關,0.0,男,51
110,6,8,蘆洲區,90歲,90,90,不相關,0.0,女,79
110,6,8,蘆洲區,91歲,91,91,不相關,0.0,男,36
110,6,8,蘆洲區,91歲,91,91,不相關,0.0,女,67
110,6,8,蘆洲區,92歲,92,92,不相關,0.0,男,24
110,6,8,蘆洲區,92歲,92,92,不相關,0.0,女,39
110,6,8,蘆洲區,93歲,93,93,不相關,0.0,男,22
110,6,8,蘆洲區,93歲,93,93,不相關,0.0,女,36
110,6,8,蘆洲區,94歲,94,94,不相關,0.0,男,16
110,6,8,蘆洲區,94歲,94,94,不相關,0.0,女,34
110,6,8,蘆洲區,95歲,95,95,不相關,0.0,男,11
110,6,8,蘆洲區,95歲,95,95,不相關,0.0,女,24
110,6,8,蘆洲區,96歲,96,96,不相關,0.0,男,9
110,6,8,蘆洲區,96歲,96,96,不相關,0.0,女,15
110,6,8,蘆洲區,97歲,97,97,不相關,0.0,男,4
110,6,8,蘆洲區,97歲,97,97,不相關,0.0,女,6
110,6,8,蘆洲區,98歲,98,98,不相關,0.0,男,7
110,6,8,蘆洲區,98歲,98,98,不相關,0.0,女,5
110,6,8,蘆洲區,99歲,99,99,不相關,0.0,男,2
110,6,8,蘆洲區,99歲,99,99,不相關,0.0,女,7
110,6,8,蘆洲區,100歲以上,100,100,不相關,0.0,男,10
110,6,8,蘆洲區,100歲以上,100,100,不相關,0.0,女,13
110,7,8,蘆洲區,0歲,0,0,不相關,0.0,男,676
110,7,8,蘆洲區,0歲,0,0,不相關,0.0,女,644
110,7,8,蘆洲區,1歲,1,1,不相關,0.0,男,763
110,7,8,蘆洲區,1歲,1,1,不相關,0.0,女,686
110,7,8,蘆洲區,2歲,2,2,不相關,0.0,男,780
110,7,8,蘆洲區,2歲,2,2,不相關,0.0,女,779
110,7,8,蘆洲區,3歲,3,3,不相關,0.0,男,774
110,7,8,蘆洲區,3歲,3,3,不相關,0.0,女,766
110,7,8,蘆洲區,4歲,4,4,不相關,0.0,男,866
110,7,8,蘆洲區,4歲,4,4,不相關,0.0,女,825
110,7,8,蘆洲區,5歲,5,5,不相關,0.0,男,996
110,7,8,蘆洲區,5歲,5,5,不相關,0.0,女,866
110,7,8,蘆洲區,6歲,6,6,不相關,0.0,男,1090
110,7,8,蘆洲區,6歲,6,6,不相關,0.0,女,959
110,7,8,蘆洲區,7歲,7,7,不相關,0.0,男,942
110,7,8,蘆洲區,7歲,7,7,不相關,0.0,女,893
110,7,8,蘆洲區,8歲,8,8,不相關,0.0,男,1098
110,7,8,蘆洲區,8歲,8,8,不相關,0.0,女,980
110,7,8,蘆洲區,9歲,9,9,不相關,0.0,男,1039
110,7,8,蘆洲區,9歲,9,9,不相關,0.0,女,919
110,7,8,蘆洲區,10歲,10,10,不相關,0.0,男,794
110,7,8,蘆洲區,10歲,10,10,不相關,0.0,女,756
110,7,8,蘆洲區,11歲,11,11,不相關,0.0,男,826
110,7,8,蘆洲區,11歲,11,11,不相關,0.0,女,684
110,7,8,蘆洲區,12歲,12,12,不相關,0.0,男,854
110,7,8,蘆洲區,12歲,12,12,不相關,0.0,女,723
110,7,8,蘆洲區,13歲,13,13,不相關,0.0,男,903
110,7,8,蘆洲區,13歲,13,13,不相關,0.0,女,846
110,7,8,蘆洲區,14歲,14,14,不相關,0.0,男,993
110,7,8,蘆洲區,14歲,14,14,不相關,0.0,女,886
110,7,8,蘆洲區,15歲,15,15,不相關,0.0,男,945
110,7,8,蘆洲區,15歲,15,15,不相關,0.0,女,878
110,7,8,蘆洲區,16歲,16,16,不相關,0.0,男,979
110,7,8,蘆洲區,16歲,16,16,不相關,0.0,女,973
110,7,8,蘆洲區,17歲,17,17,不相關,0.0,男,1091
110,7,8,蘆洲區,17歲,17,17,不相關,0.0,女,949
110,7,8,蘆洲區,18歲,18,18,完全落入,1.0,男,1150
110,7,8,蘆洲區,18歲,18,18,完全落入,1.0,女,1033
110,7,8,蘆洲區,19歲,19,19,完全落入,1.0,男,1243
110,7,8,蘆洲區,19歲,19,19,完全落入,1.0,女,1065
110,7,8,蘆洲區,20歲,20,20,完全落入,1.0,男,1386
110,7,8,蘆洲區,20歲,20,20,完全落入,1.0,女,1316
110,7,8,蘆洲區,21歲,21,21,完全落入,1.0,男,1450
110,7,8,蘆洲區,21歲,21,21,完全落入,1.0,女,1296
110,7,8,蘆洲區,22歲,22,22,完全落入,1.0,男,1373
110,7,8,蘆洲區,22歲,22,22,完全落入,1.0,女,1284
110,7,8,蘆洲區,23歲,23,23,完全落入,1.0,男,1477
110,7,8,蘆洲區,23歲,23,23,完全落入,1.0,女,1304
110,7,8,蘆洲區,24歲,24,24,完全落入,1.0,男,1634
110,7,8,蘆洲區,24歲,24,24,完全落入,1.0,女,1451
110,7,8,蘆洲區,25歲,25,25,完全落入,1.0,男,1626
110,7,8,蘆洲區,25歲,25,25,完全落入,1.0,女,1513
110,7,8,蘆洲區,26歲,26,26,完全落入,1.0,男,1566
110,7,8,蘆洲區,26歲,26,26,完全落入,1.0,女,1480
110,7,8,蘆洲區,27歲,27,27,完全落入,1.0,男,1628
110,7,8,蘆洲區,27歲,27,27,完全落入,1.0,女,1503
110,7,8,蘆洲區,28歲,28,28,完全落入,1.0,男,1651
110,7,8,蘆洲區,28歲,28,28,完全落入,1.0,女,1506
110,7,8,蘆洲區,29歲,29,29,完全落入,1.0,男,1607
110,7,8,蘆洲區,29歲,29,29,完全落入,1.0,女,1484
110,7,8,蘆洲區,30歲,30,30,完全落入,1.0,男,1669
110,7,8,蘆洲區,30歲,30,30,完全落入,1.0,女,1464
110,7,8,蘆洲區,31歲,31,31,完全落入,1.0,男,1613
110,7,8,蘆洲區,31歲,31,31,完全落入,1.0,女,1526
110,7,8,蘆洲區,32歲,32,32,完全落入,1.0,男,1566
110,7,8,蘆洲區,32歲,32,32,完全落入,1.0,女,1502
110,7,8,蘆洲區,33歲,33,33,完全落入,1.0,男,1545
110,7,8,蘆洲區,33歲,33,33,完全落入,1.0,女,1454
110,7,8,蘆洲區,34歲,34,34,完全落入,1.0,男,1323
110,7,8,蘆洲區,34歲,34,34,完全落入,1.0,女,1357
110,7,8,蘆洲區,35歲,35,35,完全落入,1.0,男,1416
110,7,8,蘆洲區,35歲,35,35,完全落入,1.0,女,1446
110,7,8,蘆洲區,36歲,36,36,不相關,0.0,男,1535
110,7,8,蘆洲區,36歲,36,36,不相關,0.0,女,1537
110,7,8,蘆洲區,37歲,37,37,不相關,0.0,男,1561
110,7,8,蘆洲區,37歲,37,37,不相關,0.0,女,1524
110,7,8,蘆洲區,38歲,38,38,不相關,0.0,男,1716
110,7,8,蘆洲區,38歲,38,38,不相關,0.0,女,1742
110,7,8,蘆洲區,39歲,39,39,不相關,0.0,男,1737
110,7,8,蘆洲區,39歲,39,39,不相關,0.0,女,1795
110,7,8,蘆洲區,40歲,40,40,不相關,0.0,男,1813
110,7,8,蘆洲區,40歲,40,40,不相關,0.0,女,1813
110,7,8,蘆洲區,41歲,41,41,不相關,0.0,男,1725
110,7,8,蘆洲區,41歲,41,41,不相關,0.0,女,1911
110,7,8,蘆洲區,42歲,42,42,不相關,0.0,男,1727
110,7,8,蘆洲區,42歲,42,42,不相關,0.0,女,1892
110,7,8,蘆洲區,43歲,43,43,不相關,0.0,男,1657
110,7,8,蘆洲區,43歲,43,43,不相關,0.0,女,1760
110,7,8,蘆洲區,44歲,44,44,不相關,0.0,男,1771
110,7,8,蘆洲區,44歲,44,44,不相關,0.0,女,1822
110,7,8,蘆洲區,45歲,45,45,不相關,0.0,男,1563
110,7,8,蘆洲區,45歲,45,45,不相關,0.0,女,1708
110,7,8,蘆洲區,46歲,46,46,不相關,0.0,男,1470
110,7,8,蘆洲區,46歲,46,46,不相關,0.0,女,1690
110,7,8,蘆洲區,47歲,47,47,不相關,0.0,男,1500
110,7,8,蘆洲區,47歲,47,47,不相關,0.0,女,1639
110,7,8,蘆洲區,48歲,48,48,不相關,0.0,男,1479
110,7,8,蘆洲區,48歲,48,48,不相關,0.0,女,1531
110,7,8,蘆洲區,49歲,49,49,不相關,0.0,男,1447
110,7,8,蘆洲區,49歲,49,49,不相關,0.0,女,1629
110,7,8,蘆洲區,50歲,50,50,不相關,0.0,男,1529
110,7,8,蘆洲區,50歲,50,50,不相關,0.0,女,1694
110,7,8,蘆洲區,51歲,51,51,不相關,0.0,男,1541
110,7,8,蘆洲區,51歲,51,51,不相關,0.0,女,1691
110,7,8,蘆洲區,52歲,52,52,不相關,0.0,男,1439
110,7,8,蘆洲區,52歲,52,52,不相關,0.0,女,1809
110,7,8,蘆洲區,53歲,53,53,不相關,0.0,男,1445
110,7,8,蘆洲區,53歲,53,53,不相關,0.0,女,1816
110,7,8,蘆洲區,54歲,54,54,不相關,0.0,男,1467
110,7,8,蘆洲區,54歲,54,54,不相關,0.0,女,1765
110,7,8,蘆洲區,55歲,55,55,不相關,0.0,男,1501
110,7,8,蘆洲區,55歲,55,55,不相關,0.0,女,1746
110,7,8,蘆洲區,56歲,56,56,不相關,0.0,男,1476
110,7,8,蘆洲區,56歲,56,56,不相關,0.0,女,1824
110,7,8,蘆洲區,57歲,57,57,不相關,0.0,男,1594
110,7,8,蘆洲區,57歲,57,57,不相關,0.0,女,1832
110,7,8,蘆洲區,58歲,58,58,不相關,0.0,男,1555
110,7,8,蘆洲區,58歲,58,58,不相關,0.0,女,1860
110,7,8,蘆洲區,59歲,59,59,不相關,0.0,男,1473
110,7,8,蘆洲區,59歲,59,59,不相關,0.0,女,1769
110,7,8,蘆洲區,60歲,60,60,不相關,0.0,男,1471
110,7,8,蘆洲區,60歲,60,60,不相關,0.0,女,1669
110,7,8,蘆洲區,61歲,61,61,不相關,0.0,男,1393
110,7,8,蘆洲區,61歲,61,61,不相關,0.0,女,1609
110,7,8,蘆洲區,62歲,62,62,不相關,0.0,男,1402
110,7,8,蘆洲區,62歲,62,62,不相關,0.0,女,1682
110,7,8,蘆洲區,63歲,63,63,不相關,0.0,男,1281
110,7,8,蘆洲區,63歲,63,63,不相關,0.0,女,1484
110,7,8,蘆洲區,64歲,64,64,不相關,0.0,男,1230
110,7,8,蘆洲區,64歲,64,64,不相關,0.0,女,1410
110,7,8,蘆洲區,65歲,65,65,不相關,0.0,男,1194
110,7,8,蘆洲區,65歲,65,65,不相關,0.0,女,1376
110,7,8,蘆洲區,66歲,66,66,不相關,0.0,男,1125
110,7,8,蘆洲區,66歲,66,66,不相關,0.0,女,1304
110,7,8,蘆洲區,67歲,67,67,不相關,0.0,男,980
110,7,8,蘆洲區,67歲,67,67,不相關,0.0,女,1180
110,7,8,蘆洲區,68歲,68,68,不相關,0.0,男,956
110,7,8,蘆洲區,68歲,68,68,不相關,0.0,女,1082
110,7,8,蘆洲區,69歲,69,69,不相關,0.0,男,955
110,7,8,蘆洲區,69歲,69,69,不相關,0.0,女,1064
110,7,8,蘆洲區,70歲,70,70,不相關,0.0,男,832
110,7,8,蘆洲區,70歲,70,70,不相關,0.0,女,941
110,7,8,蘆洲區,71歲,71,71,不相關,0.0,男,688
110,7,8,蘆洲區,71歲,71,71,不相關,0.0,女,818
110,7,8,蘆洲區,72歲,72,72,不相關,0.0,男,520
110,7,8,蘆洲區,72歲,72,72,不相關,0.0,女,712
110,7,8,蘆洲區,73歲,73,73,不相關,0.0,男,465
110,7,8,蘆洲區,73歲,73,73,不相關,0.0,女,534
110,7,8,蘆洲區,74歲,74,74,不相關,0.0,男,388
110,7,8,蘆洲區,74歲,74,74,不相關,0.0,女,448
110,7,8,蘆洲區,75歲,75,75,不相關,0.0,男,260
110,7,8,蘆洲區,75歲,75,75,不相關,0.0,女,327
110,7,8,蘆洲區,76歲,76,76,不相關,0.0,男,329
110,7,8,蘆洲區,76歲,76,76,不相關,0.0,女,415
110,7,8,蘆洲區,77歲,77,77,不相關,0.0,男,305
110,7,8,蘆洲區,77歲,77,77,不相關,0.0,女,388
110,7,8,蘆洲區,78歲,78,78,不相關,0.0,男,304
110,7,8,蘆洲區,78歲,78,78,不相關,0.0,女,377
110,7,8,蘆洲區,79歲,79,79,不相關,0.0,男,272
110,7,8,蘆洲區,79歲,79,79,不相關,0.0,女,344
110,7,8,蘆洲區,80歲,80,80,不相關,0.0,男,251
110,7,8,蘆洲區,80歲,80,80,不相關,0.0,女,335
110,7,8,蘆洲區,81歲,81,81,不相關,0.0,男,239
110,7,8,蘆洲區,81歲,81,81,不相關,0.0,女,291
110,7,8,蘆洲區,82歲,82,82,不相關,0.0,男,180
110,7,8,蘆洲區,82歲,82,82,不相關,0.0,女,244
110,7,8,蘆洲區,83歲,83,83,不相關,0.0,男,156
110,7,8,蘆洲區,83歲,83,83,不相關,0.0,女,233
110,7,8,蘆洲區,84歲,84,84,不相關,0.0,男,132
110,7,8,蘆洲區,84歲,84,84,不相關,0.0,女,208
110,7,8,蘆洲區,85歲,85,85,不相關,0.0,男,109
110,7,8,蘆洲區,85歲,85,85,不相關,0.0,女,167
110,7,8,蘆洲區,86歲,86,86,不相關,0.0,男,83
110,7,8,蘆洲區,86歲,86,86,不相關,0.0,女,157
110,7,8,蘆洲區,87歲,87,87,不相關,0.0,男,62
110,7,8,蘆洲區,87歲,87,87,不相關,0.0,女,139
110,7,8,蘆洲區,88歲,88,88,不相關,0.0,男,59
110,7,8,蘆洲區,88歲,88,88,不相關,0.0,女,78
110,7,8,蘆洲區,89歲,89,89,不相關,0.0,男,54
110,7,8,蘆洲區,89歲,89,89,不相關,0.0,女,79
110,7,8,蘆洲區,90歲,90,90,不相關,0.0,男,51
110,7,8,蘆洲區,90歲,90,90,不相關,0.0,女,77
110,7,8,蘆洲區,91歲,91,91,不相關,0.0,男,34
110,7,8,蘆洲區,91歲,91,91,不相關,0.0,女,62
110,7,8,蘆洲區,92歲,92,92,不相關,0.0,男,27
110,7,8,蘆洲區,92歲,92,92,不相關,0.0,女,43
110,7,8,蘆洲區,93歲,93,93,不相關,0.0,男,22
110,7,8,蘆洲區,93歲,93,93,不相關,0.0,女,36
110,7,8,蘆洲區,94歲,94,94,不相關,0.0,男,15
110,7,8,蘆洲區,94歲,94,94,不相關,0.0,女,31
110,7,8,蘆洲區,95歲,95,95,不相關,0.0,男,11
110,7,8,蘆洲區,95歲,95,95,不相關,0.0,女,25
110,7,8,蘆洲區,96歲,96,96,不相關,0.0,男,7
110,7,8,蘆洲區,96歲,96,96,不相關,0.0,女,16
110,7,8,蘆洲區,97歲,97,97,不相關,0.0,男,5
110,7,8,蘆洲區,97歲,97,97,不相關,0.0,女,6
110,7,8,蘆洲區,98歲,98,98,不相關,0.0,男,6
110,7,8,蘆洲區,98歲,98,98,不相關,0.0,女,6
110,7,8,蘆洲區,99歲,99,99,不相關,0.0,男,3
110,7,8,蘆洲區,99歲,99,99,不相關,0.0,女,6
110,7,8,蘆洲區,100歲以上,100,100,不相關,0.0,男,10
110,7,8,蘆洲區,100歲以上,100,100,不相關,0.0,女,14
110,8,8,蘆洲區,0歲,0,0,不相關,0.0,男,688
110,8,8,蘆洲區,0歲,0,0,不相關,0.0,女,641
110,8,8,蘆洲區,1歲,1,1,不相關,0.0,男,748
110,8,8,蘆洲區,1歲,1,1,不相關,0.0,女,679
110,8,8,蘆洲區,2歲,2,2,不相關,0.0,男,752
110,8,8,蘆洲區,2歲,2,2,不相關,0.0,女,772
110,8,8,蘆洲區,3歲,3,3,不相關,0.0,男,800
110,8,8,蘆洲區,3歲,3,3,不相關,0.0,女,758
110,8,8,蘆洲區,4歲,4,4,不相關,0.0,男,855
110,8,8,蘆洲區,4歲,4,4,不相關,0.0,女,822
110,8,8,蘆洲區,5歲,5,5,不相關,0.0,男,1003
110,8,8,蘆洲區,5歲,5,5,不相關,0.0,女,877
110,8,8,蘆洲區,6歲,6,6,不相關,0.0,男,1089
110,8,8,蘆洲區,6歲,6,6,不相關,0.0,女,933
110,8,8,蘆洲區,7歲,7,7,不相關,0.0,男,969
110,8,8,蘆洲區,7歲,7,7,不相關,0.0,女,907
110,8,8,蘆洲區,8歲,8,8,不相關,0.0,男,1059
110,8,8,蘆洲區,8歲,8,8,不相關,0.0,女,954
110,8,8,蘆洲區,9歲,9,9,不相關,0.0,男,1057
110,8,8,蘆洲區,9歲,9,9,不相關,0.0,女,934
110,8,8,蘆洲區,10歲,10,10,不相關,0.0,男,806
110,8,8,蘆洲區,10歲,10,10,不相關,0.0,女,756
110,8,8,蘆洲區,11歲,11,11,不相關,0.0,男,780
110,8,8,蘆洲區,11歲,11,11,不相關,0.0,女,682
110,8,8,蘆洲區,12歲,12,12,不相關,0.0,男,863
110,8,8,蘆洲區,12歲,12,12,不相關,0.0,女,733
110,8,8,蘆洲區,13歲,13,13,不相關,0.0,男,922
110,8,8,蘆洲區,13歲,13,13,不相關,0.0,女,843
110,8,8,蘆洲區,14歲,14,14,不相關,0.0,男,964
110,8,8,蘆洲區,14歲,14,14,不相關,0.0,女,878
110,8,8,蘆洲區,15歲,15,15,不相關,0.0,男,952
110,8,8,蘆洲區,15歲,15,15,不相關,0.0,女,875
110,8,8,蘆洲區,16歲,16,16,不相關,0.0,男,981
110,8,8,蘆洲區,16歲,16,16,不相關,0.0,女,940
110,8,8,蘆洲區,17歲,17,17,不相關,0.0,男,1070
110,8,8,蘆洲區,17歲,17,17,不相關,0.0,女,970
110,8,8,蘆洲區,18歲,18,18,完全落入,1.0,男,1151
110,8,8,蘆洲區,18歲,18,18,完全落入,1.0,女,1025
110,8,8,蘆洲區,19歲,19,19,完全落入,1.0,男,1233
110,8,8,蘆洲區,19歲,19,19,完全落入,1.0,女,1047
110,8,8,蘆洲區,20歲,20,20,完全落入,1.0,男,1377
110,8,8,蘆洲區,20歲,20,20,完全落入,1.0,女,1315
110,8,8,蘆洲區,21歲,21,21,完全落入,1.0,男,1439
110,8,8,蘆洲區,21歲,21,21,完全落入,1.0,女,1299
110,8,8,蘆洲區,22歲,22,22,完全落入,1.0,男,1395
110,8,8,蘆洲區,22歲,22,22,完全落入,1.0,女,1298
110,8,8,蘆洲區,23歲,23,23,完全落入,1.0,男,1439
110,8,8,蘆洲區,23歲,23,23,完全落入,1.0,女,1295
110,8,8,蘆洲區,24歲,24,24,完全落入,1.0,男,1636
110,8,8,蘆洲區,24歲,24,24,完全落入,1.0,女,1433
110,8,8,蘆洲區,25歲,25,25,完全落入,1.0,男,1638
110,8,8,蘆洲區,25歲,25,25,完全落入,1.0,女,1500
110,8,8,蘆洲區,26歲,26,26,完全落入,1.0,男,1566
110,8,8,蘆洲區,26歲,26,26,完全落入,1.0,女,1489
110,8,8,蘆洲區,27歲,27,27,完全落入,1.0,男,1609
110,8,8,蘆洲區,27歲,27,27,完全落入,1.0,女,1467
110,8,8,蘆洲區,28歲,28,28,完全落入,1.0,男,1642
110,8,8,蘆洲區,28歲,28,28,完全落入,1.0,女,1498
110,8,8,蘆洲區,29歲,29,29,完全落入,1.0,男,1614
110,8,8,蘆洲區,29歲,29,29,完全落入,1.0,女,1482
110,8,8,蘆洲區,30歲,30,30,完全落入,1.0,男,1678
110,8,8,蘆洲區,30歲,30,30,完全落入,1.0,女,1475
110,8,8,蘆洲區,31歲,31,31,完全落入,1.0,男,1607
110,8,8,蘆洲區,31歲,31,31,完全落入,1.0,女,1514
110,8,8,蘆洲區,32歲,32,32,完全落入,1.0,男,1583
110,8,8,蘆洲區,32歲,32,32,完全落入,1.0,女,1500
110,8,8,蘆洲區,33歲,33,33,完全落入,1.0,男,1530
110,8,8,蘆洲區,33歲,33,33,完全落入,1.0,女,1468
110,8,8,蘆洲區,34歲,34,34,完全落入,1.0,男,1361
110,8,8,蘆洲區,34歲,34,34,完全落入,1.0,女,1342
110,8,8,蘆洲區,35歲,35,35,完全落入,1.0,男,1389
110,8,8,蘆洲區,35歲,35,35,完全落入,1.0,女,1439
110,8,8,蘆洲區,36歲,36,36,不相關,0.0,男,1495
110,8,8,蘆洲區,36歲,36,36,不相關,0.0,女,1518
110,8,8,蘆洲區,37歲,37,37,不相關,0.0,男,1574
110,8,8,蘆洲區,37歲,37,37,不相關,0.0,女,1529
110,8,8,蘆洲區,38歲,38,38,不相關,0.0,男,1705
110,8,8,蘆洲區,38歲,38,38,不相關,0.0,女,1720
110,8,8,蘆洲區,39歲,39,39,不相關,0.0,男,1720
110,8,8,蘆洲區,39歲,39,39,不相關,0.0,女,1798
110,8,8,蘆洲區,40歲,40,40,不相關,0.0,男,1815
110,8,8,蘆洲區,40歲,40,40,不相關,0.0,女,1793
110,8,8,蘆洲區,41歲,41,41,不相關,0.0,男,1724
110,8,8,蘆洲區,41歲,41,41,不相關,0.0,女,1896
110,8,8,蘆洲區,42歲,42,42,不相關,0.0,男,1712
110,8,8,蘆洲區,42歲,42,42,不相關,0.0,女,1897
110,8,8,蘆洲區,43歲,43,43,不相關,0.0,男,1698
110,8,8,蘆洲區,43歲,43,43,不相關,0.0,女,1805
110,8,8,蘆洲區,44歲,44,44,不相關,0.0,男,1726
110,8,8,蘆洲區,44歲,44,44,不相關,0.0,女,1792
110,8,8,蘆洲區,45歲,45,45,不相關,0.0,男,1623
110,8,8,蘆洲區,45歲,45,45,不相關,0.0,女,1728
110,8,8,蘆洲區,46歲,46,46,不相關,0.0,男,1448
110,8,8,蘆洲區,46歲,46,46,不相關,0.0,女,1687
110,8,8,蘆洲區,47歲,47,47,不相關,0.0,男,1517
110,8,8,蘆洲區,47歲,47,47,不相關,0.0,女,1638
110,8,8,蘆洲區,48歲,48,48,不相關,0.0,男,1466
110,8,8,蘆洲區,48歲,48,48,不相關,0.0,女,1548
110,8,8,蘆洲區,49歲,49,49,不相關,0.0,男,1444
110,8,8,蘆洲區,49歲,49,49,不相關,0.0,女,1614
110,8,8,蘆洲區,50歲,50,50,不相關,0.0,男,1521
110,8,8,蘆洲區,50歲,50,50,不相關,0.0,女,1681
110,8,8,蘆洲區,51歲,51,51,不相關,0.0,男,1570
110,8,8,蘆洲區,51歲,51,51,不相關,0.0,女,1705
110,8,8,蘆洲區,52歲,52,52,不相關,0.0,男,1443
110,8,8,蘆洲區,52歲,52,52,不相關,0.0,女,1791
110,8,8,蘆洲區,53歲,53,53,不相關,0.0,男,1441
110,8,8,蘆洲區,53歲,53,53,不相關,0.0,女,1820
110,8,8,蘆洲區,54歲,54,54,不相關,0.0,男,1466
110,8,8,蘆洲區,54歲,54,54,不相關,0.0,女,1748
110,8,8,蘆洲區,55歲,55,55,不相關,0.0,男,1512
110,8,8,蘆洲區,55歲,55,55,不相關,0.0,女,1772
110,8,8,蘆洲區,56歲,56,56,不相關,0.0,男,1440
110,8,8,蘆洲區,56歲,56,56,不相關,0.0,女,1822
110,8,8,蘆洲區,57歲,57,57,不相關,0.0,男,1584
110,8,8,蘆洲區,57歲,57,57,不相關,0.0,女,1831
110,8,8,蘆洲區,58歲,58,58,不相關,0.0,男,1565
110,8,8,蘆洲區,58歲,58,58,不相關,0.0,女,1830
110,8,8,蘆洲區,59歲,59,59,不相關,0.0,男,1462
110,8,8,蘆洲區,59歲,59,59,不相關,0.0,女,1790
110,8,8,蘆洲區,60歲,60,60,不相關,0.0,男,1486
110,8,8,蘆洲區,60歲,60,60,不相關,0.0,女,1666
110,8,8,蘆洲區,61歲,61,61,不相關,0.0,男,1407
110,8,8,蘆洲區,61歲,61,61,不相關,0.0,女,1616
110,8,8,蘆洲區,62歲,62,62,不相關,0.0,男,1385
110,8,8,蘆洲區,62歲,62,62,不相關,0.0,女,1675
110,8,8,蘆洲區,63歲,63,63,不相關,0.0,男,1301
110,8,8,蘆洲區,63歲,63,63,不相關,0.0,女,1503
110,8,8,蘆洲區,64歲,64,64,不相關,0.0,男,1195
110,8,8,蘆洲區,64歲,64,64,不相關,0.0,女,1359
110,8,8,蘆洲區,65歲,65,65,不相關,0.0,男,1216
110,8,8,蘆洲區,65歲,65,65,不相關,0.0,女,1425
110,8,8,蘆洲區,66歲,66,66,不相關,0.0,男,1143
110,8,8,蘆洲區,66歲,66,66,不相關,0.0,女,1339
110,8,8,蘆洲區,67歲,67,67,不相關,0.0,男,997
110,8,8,蘆洲區,67歲,67,67,不相關,0.0,女,1154
110,8,8,蘆洲區,68歲,68,68,不相關,0.0,男,944
110,8,8,蘆洲區,68歲,68,68,不相關,0.0,女,1106
110,8,8,蘆洲區,69歲,69,69,不相關,0.0,男,942
110,8,8,蘆洲區,69歲,69,69,不相關,0.0,女,1056
110,8,8,蘆洲區,70歲,70,70,不相關,0.0,男,872
110,8,8,蘆洲區,70歲,70,70,不相關,0.0,女,971
110,8,8,蘆洲區,71歲,71,71,不相關,0.0,男,673
110,8,8,蘆洲區,71歲,71,71,不相關,0.0,女,807
110,8,8,蘆洲區,72歲,72,72,不相關,0.0,男,535
110,8,8,蘆洲區,72歲,72,72,不相關,0.0,女,739
110,8,8,蘆洲區,73歲,73,73,不相關,0.0,男,460
110,8,8,蘆洲區,73歲,73,73,不相關,0.0,女,543
110,8,8,蘆洲區,74歲,74,74,不相關,0.0,男,402
110,8,8,蘆洲區,74歲,74,74,不相關,0.0,女,443
110,8,8,蘆洲區,75歲,75,75,不相關,0.0,男,261
110,8,8,蘆洲區,75歲,75,75,不相關,0.0,女,331
110,8,8,蘆洲區,76歲,76,76,不相關,0.0,男,329
110,8,8,蘆洲區,76歲,76,76,不相關,0.0,女,409
110,8,8,蘆洲區,77歲,77,77,不相關,0.0,男,310
110,8,8,蘆洲區,77歲,77,77,不相關,0.0,女,398
110,8,8,蘆洲區,78歲,78,78,不相關,0.0,男,296
110,8,8,蘆洲區,78歲,78,78,不相關,0.0,女,374
110,8,8,蘆洲區,79歲,79,79,不相關,0.0,男,274
110,8,8,蘆洲區,79歲,79,79,不相關,0.0,女,348
110,8,8,蘆洲區,80歲,80,80,不相關,0.0,男,248
110,8,8,蘆洲區,80歲,80,80,不相關,0.0,女,326
110,8,8,蘆洲區,81歲,81,81,不相關,0.0,男,244
110,8,8,蘆洲區,81歲,81,81,不相關,0.0,女,294
110,8,8,蘆洲區,82歲,82,82,不相關,0.0,男,183
110,8,8,蘆洲區,82歲,82,82,不相關,0.0,女,253
110,8,8,蘆洲區,83歲,83,83,不相關,0.0,男,157
110,8,8,蘆洲區,83歲,83,83,不相關,0.0,女,221
110,8,8,蘆洲區,84歲,84,84,不相關,0.0,男,134
110,8,8,蘆洲區,84歲,84,84,不相關,0.0,女,214
110,8,8,蘆洲區,85歲,85,85,不相關,0.0,男,107
110,8,8,蘆洲區,85歲,85,85,不相關,0.0,女,172
110,8,8,蘆洲區,86歲,86,86,不相關,0.0,男,84
110,8,8,蘆洲區,86歲,86,86,不相關,0.0,女,153
110,8,8,蘆洲區,87歲,87,87,不相關,0.0,男,61
110,8,8,蘆洲區,87歲,87,87,不相關,0.0,女,135
110,8,8,蘆洲區,88歲,88,88,不相關,0.0,男,63
110,8,8,蘆洲區,88歲,88,88,不相關,0.0,女,85
110,8,8,蘆洲區,89歲,89,89,不相關,0.0,男,50
110,8,8,蘆洲區,89歲,89,89,不相關,0.0,女,78
110,8,8,蘆洲區,90歲,90,90,不相關,0.0,男,45
110,8,8,蘆洲區,90歲,90,90,不相關,0.0,女,79
110,8,8,蘆洲區,91歲,91,91,不相關,0.0,男,41
110,8,8,蘆洲區,91歲,91,91,不相關,0.0,女,61
110,8,8,蘆洲區,92歲,92,92,不相關,0.0,男,26
110,8,8,蘆洲區,92歲,92,92,不相關,0.0,女,43
110,8,8,蘆洲區,93歲,93,93,不相關,0.0,男,22
110,8,8,蘆洲區,93歲,93,93,不相關,0.0,女,39
110,8,8,蘆洲區,94歲,94,94,不相關,0.0,男,14
110,8,8,蘆洲區,94歲,94,94,不相關,0.0,女,31
110,8,8,蘆洲區,95歲,95,95,不相關,0.0,男,10
110,8,8,蘆洲區,95歲,95,95,不相關,0.0,女,22
110,8,8,蘆洲區,96歲,96,96,不相關,0.0,男,8
110,8,8,蘆洲區,96歲,96,96,不相關,0.0,女,16
110,8,8,蘆洲區,97歲,97,97,不相關,0.0,男,5
110,8,8,蘆洲區,97歲,97,97,不相關,0.0,女,5
110,8,8,蘆洲區,98歲,98,98,不相關,0.0,男,6
110,8,8,蘆洲區,98歲,98,98,不相關,0.0,女,6
110,8,8,蘆洲區,99歲,99,99,不相關,0.0,男,3
110,8,8,蘆洲區,99歲,99,99,不相關,0.0,女,6
110,8,8,蘆洲區,100歲以上,100,100,不相關,0.0,男,10
110,8,8,蘆洲區,100歲以上,100,100,不相關,0.0,女,14
110,9,8,蘆洲區,0歲,0,0,不相關,0.0,男,685
110,9,8,蘆洲區,0歲,0,0,不相關,0.0,女,641
110,9,8,蘆洲區,1歲,1,1,不相關,0.0,男,739
110,9,8,蘆洲區,1歲,1,1,不相關,0.0,女,668
110,9,8,蘆洲區,2歲,2,2,不相關,0.0,男,767
110,9,8,蘆洲區,2歲,2,2,不相關,0.0,女,771
110,9,8,蘆洲區,3歲,3,3,不相關,0.0,男,787
110,9,8,蘆洲區,3歲,3,3,不相關,0.0,女,740
110,9,8,蘆洲區,4歲,4,4,不相關,0.0,男,851
110,9,8,蘆洲區,4歲,4,4,不相關,0.0,女,835
110,9,8,蘆洲區,5歲,5,5,不相關,0.0,男,997
110,9,8,蘆洲區,5歲,5,5,不相關,0.0,女,870
110,9,8,蘆洲區,6歲,6,6,不相關,0.0,男,1081
110,9,8,蘆洲區,6歲,6,6,不相關,0.0,女,906
110,9,8,蘆洲區,7歲,7,7,不相關,0.0,男,967
110,9,8,蘆洲區,7歲,7,7,不相關,0.0,女,947
110,9,8,蘆洲區,8歲,8,8,不相關,0.0,男,1039
110,9,8,蘆洲區,8歲,8,8,不相關,0.0,女,905
110,9,8,蘆洲區,9歲,9,9,不相關,0.0,男,1068
110,9,8,蘆洲區,9歲,9,9,不相關,0.0,女,933
110,9,8,蘆洲區,10歲,10,10,不相關,0.0,男,822
110,9,8,蘆洲區,10歲,10,10,不相關,0.0,女,789
110,9,8,蘆洲區,11歲,11,11,不相關,0.0,男,756
110,9,8,蘆洲區,11歲,11,11,不相關,0.0,女,671
110,9,8,蘆洲區,12歲,12,12,不相關,0.0,男,888
110,9,8,蘆洲區,12歲,12,12,不相關,0.0,女,740
110,9,8,蘆洲區,13歲,13,13,不相關,0.0,男,916
110,9,8,蘆洲區,13歲,13,13,不相關,0.0,女,826
110,9,8,蘆洲區,14歲,14,14,不相關,0.0,男,943
110,9,8,蘆洲區,14歲,14,14,不相關,0.0,女,889
110,9,8,蘆洲區,15歲,15,15,不相關,0.0,男,953
110,9,8,蘆洲區,15歲,15,15,不相關,0.0,女,871
110,9,8,蘆洲區,16歲,16,16,不相關,0.0,男,995
110,9,8,蘆洲區,16歲,16,16,不相關,0.0,女,934
110,9,8,蘆洲區,17歲,17,17,不相關,0.0,男,1019
110,9,8,蘆洲區,17歲,17,17,不相關,0.0,女,962
110,9,8,蘆洲區,18歲,18,18,完全落入,1.0,男,1188
110,9,8,蘆洲區,18歲,18,18,完全落入,1.0,女,1018
110,9,8,蘆洲區,19歲,19,19,完全落入,1.0,男,1220
110,9,8,蘆洲區,19歲,19,19,完全落入,1.0,女,1041
110,9,8,蘆洲區,20歲,20,20,完全落入,1.0,男,1340
110,9,8,蘆洲區,20歲,20,20,完全落入,1.0,女,1286
110,9,8,蘆洲區,21歲,21,21,完全落入,1.0,男,1446
110,9,8,蘆洲區,21歲,21,21,完全落入,1.0,女,1316
110,9,8,蘆洲區,22歲,22,22,完全落入,1.0,男,1428
110,9,8,蘆洲區,22歲,22,22,完全落入,1.0,女,1317
110,9,8,蘆洲區,23歲,23,23,完全落入,1.0,男,1393
110,9,8,蘆洲區,23歲,23,23,完全落入,1.0,女,1249
110,9,8,蘆洲區,24歲,24,24,完全落入,1.0,男,1645
110,9,8,蘆洲區,24歲,24,24,完全落入,1.0,女,1455
110,9,8,蘆洲區,25歲,25,25,完全落入,1.0,男,1610
110,9,8,蘆洲區,25歲,25,25,完全落入,1.0,女,1492
110,9,8,蘆洲區,26歲,26,26,完全落入,1.0,男,1548
110,9,8,蘆洲區,26歲,26,26,完全落入,1.0,女,1467
110,9,8,蘆洲區,27歲,27,27,完全落入,1.0,男,1620
110,9,8,蘆洲區,27歲,27,27,完全落入,1.0,女,1468
110,9,8,蘆洲區,28歲,28,28,完全落入,1.0,男,1647
110,9,8,蘆洲區,28歲,28,28,完全落入,1.0,女,1498
110,9,8,蘆洲區,29歲,29,29,完全落入,1.0,男,1627
110,9,8,蘆洲區,29歲,29,29,完全落入,1.0,女,1484
110,9,8,蘆洲區,30歲,30,30,完全落入,1.0,男,1659
110,9,8,蘆洲區,30歲,30,30,完全落入,1.0,女,1480
110,9,8,蘆洲區,31歲,31,31,完全落入,1.0,男,1608
110,9,8,蘆洲區,31歲,31,31,完全落入,1.0,女,1510
110,9,8,蘆洲區,32歲,32,32,完全落入,1.0,男,1577
110,9,8,蘆洲區,32歲,32,32,完全落入,1.0,女,1484
110,9,8,蘆洲區,33歲,33,33,完全落入,1.0,男,1569
110,9,8,蘆洲區,33歲,33,33,完全落入,1.0,女,1482
110,9,8,蘆洲區,34歲,34,34,完全落入,1.0,男,1362
110,9,8,蘆洲區,34歲,34,34,完全落入,1.0,女,1377
110,9,8,蘆洲區,35歲,35,35,完全落入,1.0,男,1393
110,9,8,蘆洲區,35歲,35,35,完全落入,1.0,女,1415
110,9,8,蘆洲區,36歲,36,36,不相關,0.0,男,1473
110,9,8,蘆洲區,36歲,36,36,不相關,0.0,女,1498
110,9,8,蘆洲區,37歲,37,37,不相關,0.0,男,1579
110,9,8,蘆洲區,37歲,37,37,不相關,0.0,女,1529
110,9,8,蘆洲區,38歲,38,38,不相關,0.0,男,1693
110,9,8,蘆洲區,38歲,38,38,不相關,0.0,女,1682
110,9,8,蘆洲區,39歲,39,39,不相關,0.0,男,1724
110,9,8,蘆洲區,39歲,39,39,不相關,0.0,女,1817
110,9,8,蘆洲區,40歲,40,40,不相關,0.0,男,1801
110,9,8,蘆洲區,40歲,40,40,不相關,0.0,女,1798
110,9,8,蘆洲區,41歲,41,41,不相關,0.0,男,1725
110,9,8,蘆洲區,41歲,41,41,不相關,0.0,女,1880
110,9,8,蘆洲區,42歲,42,42,不相關,0.0,男,1717
110,9,8,蘆洲區,42歲,42,42,不相關,0.0,女,1897
110,9,8,蘆洲區,43歲,43,43,不相關,0.0,男,1712
110,9,8,蘆洲區,43歲,43,43,不相關,0.0,女,1821
110,9,8,蘆洲區,44歲,44,44,不相關,0.0,男,1705
110,9,8,蘆洲區,44歲,44,44,不相關,0.0,女,1770
110,9,8,蘆洲區,45歲,45,45,不相關,0.0,男,1652
110,9,8,蘆洲區,45歲,45,45,不相關,0.0,女,1749
110,9,8,蘆洲區,46歲,46,46,不相關,0.0,男,1451
110,9,8,蘆洲區,46歲,46,46,不相關,0.0,女,1695
110,9,8,蘆洲區,47歲,47,47,不相關,0.0,男,1522
110,9,8,蘆洲區,47歲,47,47,不相關,0.0,女,1633
110,9,8,蘆洲區,48歲,48,48,不相關,0.0,男,1465
110,9,8,蘆洲區,48歲,48,48,不相關,0.0,女,1566
110,9,8,蘆洲區,49歲,49,49,不相關,0.0,男,1430
110,9,8,蘆洲區,49歲,49,49,不相關,0.0,女,1564
110,9,8,蘆洲區,50歲,50,50,不相關,0.0,男,1521
110,9,8,蘆洲區,50歲,50,50,不相關,0.0,女,1709
110,9,8,蘆洲區,51歲,51,51,不相關,0.0,男,1592
110,9,8,蘆洲區,51歲,51,51,不相關,0.0,女,1721
110,9,8,蘆洲區,52歲,52,52,不相關,0.0,男,1441
110,9,8,蘆洲區,52歲,52,52,不相關,0.0,女,1755
110,9,8,蘆洲區,53歲,53,53,不相關,0.0,男,1436
110,9,8,蘆洲區,53歲,53,53,不相關,0.0,女,1833
110,9,8,蘆洲區,54歲,54,54,不相關,0.0,男,1455
110,9,8,蘆洲區,54歲,54,54,不相關,0.0,女,1744
110,9,8,蘆洲區,55歲,55,55,不相關,0.0,男,1490
110,9,8,蘆洲區,55歲,55,55,不相關,0.0,女,1777
110,9,8,蘆洲區,56歲,56,56,不相關,0.0,男,1475
110,9,8,蘆洲區,56歲,56,56,不相關,0.0,女,1797
110,9,8,蘆洲區,57歲,57,57,不相關,0.0,男,1559
110,9,8,蘆洲區,57歲,57,57,不相關,0.0,女,1845
110,9,8,蘆洲區,58歲,58,58,不相關,0.0,男,1557
110,9,8,蘆洲區,58歲,58,58,不相關,0.0,女,1815
110,9,8,蘆洲區,59歲,59,59,不相關,0.0,男,1482
110,9,8,蘆洲區,59歲,59,59,不相關,0.0,女,1797
110,9,8,蘆洲區,60歲,60,60,不相關,0.0,男,1484
110,9,8,蘆洲區,60歲,60,60,不相關,0.0,女,1692
110,9,8,蘆洲區,61歲,61,61,不相關,0.0,男,1397
110,9,8,蘆洲區,61歲,61,61,不相關,0.0,女,1583
110,9,8,蘆洲區,62歲,62,62,不相關,0.0,男,1386
110,9,8,蘆洲區,62歲,62,62,不相關,0.0,女,1702
110,9,8,蘆洲區,63歲,63,63,不相關,0.0,男,1341
110,9,8,蘆洲區,63歲,63,63,不相關,0.0,女,1529
110,9,8,蘆洲區,64歲,64,64,不相關,0.0,男,1149
110,9,8,蘆洲區,64歲,64,64,不相關,0.0,女,1310
110,9,8,蘆洲區,65歲,65,65,不相關,0.0,男,1246
110,9,8,蘆洲區,65歲,65,65,不相關,0.0,女,1474
110,9,8,蘆洲區,66歲,66,66,不相關,0.0,男,1141
110,9,8,蘆洲區,66歲,66,66,不相關,0.0,女,1346
110,9,8,蘆洲區,67歲,67,67,不相關,0.0,男,1019
110,9,8,蘆洲區,67歲,67,67,不相關,0.0,女,1158
110,9,8,蘆洲區,68歲,68,68,不相關,0.0,男,926
110,9,8,蘆洲區,68歲,68,68,不相關,0.0,女,1112
110,9,8,蘆洲區,69歲,69,69,不相關,0.0,男,957
110,9,8,蘆洲區,69歲,69,69,不相關,0.0,女,1073
110,9,8,蘆洲區,70歲,70,70,不相關,0.0,男,863
110,9,8,蘆洲區,70歲,70,70,不相關,0.0,女,968
110,9,8,蘆洲區,71歲,71,71,不相關,0.0,男,700
110,9,8,蘆洲區,71歲,71,71,不相關,0.0,女,809
110,9,8,蘆洲區,72歲,72,72,不相關,0.0,男,551
110,9,8,蘆洲區,72歲,72,72,不相關,0.0,女,756
110,9,8,蘆洲區,73歲,73,73,不相關,0.0,男,465
110,9,8,蘆洲區,73歲,73,73,不相關,0.0,女,552
110,9,8,蘆洲區,74歲,74,74,不相關,0.0,男,398
110,9,8,蘆洲區,74歲,74,74,不相關,0.0,女,458
110,9,8,蘆洲區,75歲,75,75,不相關,0.0,男,281
110,9,8,蘆洲區,75歲,75,75,不相關,0.0,女,332
110,9,8,蘆洲區,76歲,76,76,不相關,0.0,男,312
110,9,8,蘆洲區,76歲,76,76,不相關,0.0,女,404
110,9,8,蘆洲區,77歲,77,77,不相關,0.0,男,314
110,9,8,蘆洲區,77歲,77,77,不相關,0.0,女,385
110,9,8,蘆洲區,78歲,78,78,不相關,0.0,男,296
110,9,8,蘆洲區,78歲,78,78,不相關,0.0,女,375
110,9,8,蘆洲區,79歲,79,79,不相關,0.0,男,263
110,9,8,蘆洲區,79歲,79,79,不相關,0.0,女,361
110,9,8,蘆洲區,80歲,80,80,不相關,0.0,男,243
110,9,8,蘆洲區,80歲,80,80,不相關,0.0,女,320
110,9,8,蘆洲區,81歲,81,81,不相關,0.0,男,253
110,9,8,蘆洲區,81歲,81,81,不相關,0.0,女,302
110,9,8,蘆洲區,82歲,82,82,不相關,0.0,男,187
110,9,8,蘆洲區,82歲,82,82,不相關,0.0,女,253
110,9,8,蘆洲區,83歲,83,83,不相關,0.0,男,156
110,9,8,蘆洲區,83歲,83,83,不相關,0.0,女,222
110,9,8,蘆洲區,84歲,84,84,不相關,0.0,男,136
110,9,8,蘆洲區,84歲,84,84,不相關,0.0,女,211
110,9,8,蘆洲區,85歲,85,85,不相關,0.0,男,104
110,9,8,蘆洲區,85歲,85,85,不相關,0.0,女,171
110,9,8,蘆洲區,86歲,86,86,不相關,0.0,男,88
110,9,8,蘆洲區,86歲,86,86,不相關,0.0,女,153
110,9,8,蘆洲區,87歲,87,87,不相關,0.0,男,61
110,9,8,蘆洲區,87歲,87,87,不相關,0.0,女,134
110,9,8,蘆洲區,88歲,88,88,不相關,0.0,男,65
110,9,8,蘆洲區,88歲,88,88,不相關,0.0,女,95
110,9,8,蘆洲區,89歲,89,89,不相關,0.0,男,47
110,9,8,蘆洲區,89歲,89,89,不相關,0.0,女,73
110,9,8,蘆洲區,90歲,90,90,不相關,0.0,男,47
110,9,8,蘆洲區,90歲,90,90,不相關,0.0,女,81
110,9,8,蘆洲區,91歲,91,91,不相關,0.0,男,40
110,9,8,蘆洲區,91歲,91,91,不相關,0.0,女,64
110,9,8,蘆洲區,92歲,92,92,不相關,0.0,男,28
110,9,8,蘆洲區,92歲,92,92,不相關,0.0,女,44
110,9,8,蘆洲區,93歲,93,93,不相關,0.0,男,22
110,9,8,蘆洲區,93歲,93,93,不相關,0.0,女,41
110,9,8,蘆洲區,94歲,94,94,不相關,0.0,男,15
110,9,8,蘆洲區,94歲,94,94,不相關,0.0,女,27
110,9,8,蘆洲區,95歲,95,95,不相關,0.0,男,11
110,9,8,蘆洲區,95歲,95,95,不相關,0.0,女,22
110,9,8,蘆洲區,96歲,96,96,不相關,0.0,男,8
110,9,8,蘆洲區,96歲,96,96,不相關,0.0,女,17
110,9,8,蘆洲區,97歲,97,97,不相關,0.0,男,6
110,9,8,蘆洲區,97歲,97,97,不相關,0.0,女,5
110,9,8,蘆洲區,98歲,98,98,不相關,0.0,男,5
110,9,8,蘆洲區,98歲,98,98,不相關,0.0,女,5
110,9,8,蘆洲區,99歲,99,99,不相關,0.0,男,3
110,9,8,蘆洲區,99歲,99,99,不相關,0.0,女,7
110,9,8,蘆洲區,100歲以上,100,100,不相關,0.0,男,10
110,9,8,蘆洲區,100歲以上,100,100,不相關,0.0,女,14
110,10,8,蘆洲區,0歲,0,0,不相關,0.0,男,659
110,10,8,蘆洲區,0歲,0,0,不相關,0.0,女,610
110,10,8,蘆洲區,1歲,1,1,不相關,0.0,男,734
110,10,8,蘆洲區,1歲,1,1,不相關,0.0,女,693
110,10,8,蘆洲區,2歲,2,2,不相關,0.0,男,773
110,10,8,蘆洲區,2歲,2,2,不相關,0.0,女,767
110,10,8,蘆洲區,3歲,3,3,不相關,0.0,男,771
110,10,8,蘆洲區,3歲,3,3,不相關,0.0,女,725
110,10,8,蘆洲區,4歲,4,4,不相關,0.0,男,838
110,10,8,蘆洲區,4歲,4,4,不相關,0.0,女,828
110,10,8,蘆洲區,5歲,5,5,不相關,0.0,男,1001
110,10,8,蘆洲區,5歲,5,5,不相關,0.0,女,888
110,10,8,蘆洲區,6歲,6,6,不相關,0.0,男,1053
110,10,8,蘆洲區,6歲,6,6,不相關,0.0,女,880
110,10,8,蘆洲區,7歲,7,7,不相關,0.0,男,998
110,10,8,蘆洲區,7歲,7,7,不相關,0.0,女,978
110,10,8,蘆洲區,8歲,8,8,不相關,0.0,男,987
110,10,8,蘆洲區,8歲,8,8,不相關,0.0,女,869
110,10,8,蘆洲區,9歲,9,9,不相關,0.0,男,1111
110,10,8,蘆洲區,9歲,9,9,不相關,0.0,女,943
110,10,8,蘆洲區,10歲,10,10,不相關,0.0,男,834
110,10,8,蘆洲區,10歲,10,10,不相關,0.0,女,793
110,10,8,蘆洲區,11歲,11,11,不相關,0.0,男,733
110,10,8,蘆洲區,11歲,11,11,不相關,0.0,女,666
110,10,8,蘆洲區,12歲,12,12,不相關,0.0,男,884
110,10,8,蘆洲區,12歲,12,12,不相關,0.0,女,740
110,10,8,蘆洲區,13歲,13,13,不相關,0.0,男,936
110,10,8,蘆洲區,13歲,13,13,不相關,0.0,女,815
110,10,8,蘆洲區,14歲,14,14,不相關,0.0,男,922
110,10,8,蘆洲區,14歲,14,14,不相關,0.0,女,868
110,10,8,蘆洲區,15歲,15,15,不相關,0.0,男,962
110,10,8,蘆洲區,15歲,15,15,不相關,0.0,女,881
110,10,8,蘆洲區,16歲,16,16,不相關,0.0,男,995
110,10,8,蘆洲區,16歲,16,16,不相關,0.0,女,935
110,10,8,蘆洲區,17歲,17,17,不相關,0.0,男,1010
110,10,8,蘆洲區,17歲,17,17,不相關,0.0,女,959
110,10,8,蘆洲區,18歲,18,18,完全落入,1.0,男,1190
110,10,8,蘆洲區,18歲,18,18,完全落入,1.0,女,1003
110,10,8,蘆洲區,19歲,19,19,完全落入,1.0,男,1193
110,10,8,蘆洲區,19歲,19,19,完全落入,1.0,女,1031
110,10,8,蘆洲區,20歲,20,20,完全落入,1.0,男,1304
110,10,8,蘆洲區,20歲,20,20,完全落入,1.0,女,1259
110,10,8,蘆洲區,21歲,21,21,完全落入,1.0,男,1475
110,10,8,蘆洲區,21歲,21,21,完全落入,1.0,女,1334
110,10,8,蘆洲區,22歲,22,22,完全落入,1.0,男,1427
110,10,8,蘆洲區,22歲,22,22,完全落入,1.0,女,1312
110,10,8,蘆洲區,23歲,23,23,完全落入,1.0,男,1356
110,10,8,蘆洲區,23歲,23,23,完全落入,1.0,女,1217
110,10,8,蘆洲區,24歲,24,24,完全落入,1.0,男,1676
110,10,8,蘆洲區,24歲,24,24,完全落入,1.0,女,1478
110,10,8,蘆洲區,25歲,25,25,完全落入,1.0,男,1597
110,10,8,蘆洲區,25歲,25,25,完全落入,1.0,女,1461
110,10,8,蘆洲區,26歲,26,26,完全落入,1.0,男,1539
110,10,8,蘆洲區,26歲,26,26,完全落入,1.0,女,1485
110,10,8,蘆洲區,27歲,27,27,完全落入,1.0,男,1593
110,10,8,蘆洲區,27歲,27,27,完全落入,1.0,女,1446
110,10,8,蘆洲區,28歲,28,28,完全落入,1.0,男,1649
110,10,8,蘆洲區,28歲,28,28,完全落入,1.0,女,1511
110,10,8,蘆洲區,29歲,29,29,完全落入,1.0,男,1646
110,10,8,蘆洲區,29歲,29,29,完全落入,1.0,女,1493
110,10,8,蘆洲區,30歲,30,30,完全落入,1.0,男,1614
110,10,8,蘆洲區,30歲,30,30,完全落入,1.0,女,1474
110,10,8,蘆洲區,31歲,31,31,完全落入,1.0,男,1666
110,10,8,蘆洲區,31歲,31,31,完全落入,1.0,女,1514
110,10,8,蘆洲區,32歲,32,32,完全落入,1.0,男,1559
110,10,8,蘆洲區,32歲,32,32,完全落入,1.0,女,1440
110,10,8,蘆洲區,33歲,33,33,完全落入,1.0,男,1571
110,10,8,蘆洲區,33歲,33,33,完全落入,1.0,女,1507
110,10,8,蘆洲區,34歲,34,34,完全落入,1.0,男,1391
110,10,8,蘆洲區,34歲,34,34,完全落入,1.0,女,1380
110,10,8,蘆洲區,35歲,35,35,完全落入,1.0,男,1363
110,10,8,蘆洲區,35歲,35,35,完全落入,1.0,女,1412
110,10,8,蘆洲區,36歲,36,36,不相關,0.0,男,1464
110,10,8,蘆洲區,36歲,36,36,不相關,0.0,女,1452
110,10,8,蘆洲區,37歲,37,37,不相關,0.0,男,1599
110,10,8,蘆洲區,37歲,37,37,不相關,0.0,女,1541
110,10,8,蘆洲區,38歲,38,38,不相關,0.0,男,1649
110,10,8,蘆洲區,38歲,38,38,不相關,0.0,女,1660
110,10,8,蘆洲區,39歲,39,39,不相關,0.0,男,1742
110,10,8,蘆洲區,39歲,39,39,不相關,0.0,女,1806
110,10,8,蘆洲區,40歲,40,40,不相關,0.0,男,1782
110,10,8,蘆洲區,40歲,40,40,不相關,0.0,女,1823
110,10,8,蘆洲區,41歲,41,41,不相關,0.0,男,1715
110,10,8,蘆洲區,41歲,41,41,不相關,0.0,女,1828
110,10,8,蘆洲區,42歲,42,42,不相關,0.0,男,1731
110,10,8,蘆洲區,42歲,42,42,不相關,0.0,女,1941
110,10,8,蘆洲區,43歲,43,43,不相關,0.0,男,1721
110,10,8,蘆洲區,43歲,43,43,不相關,0.0,女,1819
110,10,8,蘆洲區,44歲,44,44,不相關,0.0,男,1654
110,10,8,蘆洲區,44歲,44,44,不相關,0.0,女,1749
110,10,8,蘆洲區,45歲,45,45,不相關,0.0,男,1707
110,10,8,蘆洲區,45歲,45,45,不相關,0.0,女,1763
110,10,8,蘆洲區,46歲,46,46,不相關,0.0,男,1464
110,10,8,蘆洲區,46歲,46,46,不相關,0.0,女,1692
110,10,8,蘆洲區,47歲,47,47,不相關,0.0,男,1500
110,10,8,蘆洲區,47歲,47,47,不相關,0.0,女,1641
110,10,8,蘆洲區,48歲,48,48,不相關,0.0,男,1477
110,10,8,蘆洲區,48歲,48,48,不相關,0.0,女,1587
110,10,8,蘆洲區,49歲,49,49,不相關,0.0,男,1415
110,10,8,蘆洲區,49歲,49,49,不相關,0.0,女,1546
110,10,8,蘆洲區,50歲,50,50,不相關,0.0,男,1536
110,10,8,蘆洲區,50歲,50,50,不相關,0.0,女,1722
110,10,8,蘆洲區,51歲,51,51,不相關,0.0,男,1552
110,10,8,蘆洲區,51歲,51,51,不相關,0.0,女,1697
110,10,8,蘆洲區,52歲,52,52,不相關,0.0,男,1465
110,10,8,蘆洲區,52歲,52,52,不相關,0.0,女,1735
110,10,8,蘆洲區,53歲,53,53,不相關,0.0,男,1450
110,10,8,蘆洲區,53歲,53,53,不相關,0.0,女,1841
110,10,8,蘆洲區,54歲,54,54,不相關,0.0,男,1445
110,10,8,蘆洲區,54歲,54,54,不相關,0.0,女,1741
110,10,8,蘆洲區,55歲,55,55,不相關,0.0,男,1471
110,10,8,蘆洲區,55歲,55,55,不相關,0.0,女,1782
110,10,8,蘆洲區,56歲,56,56,不相關,0.0,男,1491
110,10,8,蘆洲區,56歲,56,56,不相關,0.0,女,1795
110,10,8,蘆洲區,57歲,57,57,不相關,0.0,男,1528
110,10,8,蘆洲區,57歲,57,57,不相關,0.0,女,1830
110,10,8,蘆洲區,58歲,58,58,不相關,0.0,男,1562
110,10,8,蘆洲區,58歲,58,58,不相關,0.0,女,1834
110,10,8,蘆洲區,59歲,59,59,不相關,0.0,男,1535
110,10,8,蘆洲區,59歲,59,59,不相關,0.0,女,1800
110,10,8,蘆洲區,60歲,60,60,不相關,0.0,男,1451
110,10,8,蘆洲區,60歲,60,60,不相關,0.0,女,1706
110,10,8,蘆洲區,61歲,61,61,不相關,0.0,男,1393
110,10,8,蘆洲區,61歲,61,61,不相關,0.0,女,1598
110,10,8,蘆洲區,62歲,62,62,不相關,0.0,男,1399
110,10,8,蘆洲區,62歲,62,62,不相關,0.0,女,1677
110,10,8,蘆洲區,63歲,63,63,不相關,0.0,男,1346
110,10,8,蘆洲區,63歲,63,63,不相關,0.0,女,1540
110,10,8,蘆洲區,64歲,64,64,不相關,0.0,男,1167
110,10,8,蘆洲區,64歲,64,64,不相關,0.0,女,1336
110,10,8,蘆洲區,65歲,65,65,不相關,0.0,男,1247
110,10,8,蘆洲區,65歲,65,65,不相關,0.0,女,1448
110,10,8,蘆洲區,66歲,66,66,不相關,0.0,男,1141
110,10,8,蘆洲區,66歲,66,66,不相關,0.0,女,1347
110,10,8,蘆洲區,67歲,67,67,不相關,0.0,男,1015
110,10,8,蘆洲區,67歲,67,67,不相關,0.0,女,1194
110,10,8,蘆洲區,68歲,68,68,不相關,0.0,男,939
110,10,8,蘆洲區,68歲,68,68,不相關,0.0,女,1098
110,10,8,蘆洲區,69歲,69,69,不相關,0.0,男,962
110,10,8,蘆洲區,69歲,69,69,不相關,0.0,女,1054
110,10,8,蘆洲區,70歲,70,70,不相關,0.0,男,872
110,10,8,蘆洲區,70歲,70,70,不相關,0.0,女,997
110,10,8,蘆洲區,71歲,71,71,不相關,0.0,男,697
110,10,8,蘆洲區,71歲,71,71,不相關,0.0,女,813
110,10,8,蘆洲區,72歲,72,72,不相關,0.0,男,567
110,10,8,蘆洲區,72歲,72,72,不相關,0.0,女,780
110,10,8,蘆洲區,73歲,73,73,不相關,0.0,男,466
110,10,8,蘆洲區,73歲,73,73,不相關,0.0,女,551
110,10,8,蘆洲區,74歲,74,74,不相關,0.0,男,407
110,10,8,蘆洲區,74歲,74,74,不相關,0.0,女,465
110,10,8,蘆洲區,75歲,75,75,不相關,0.0,男,291
110,10,8,蘆洲區,75歲,75,75,不相關,0.0,女,353
110,10,8,蘆洲區,76歲,76,76,不相關,0.0,男,293
110,10,8,蘆洲區,76歲,76,76,不相關,0.0,女,375
110,10,8,蘆洲區,77歲,77,77,不相關,0.0,男,326
110,10,8,蘆洲區,77歲,77,77,不相關,0.0,女,410
110,10,8,蘆洲區,78歲,78,78,不相關,0.0,男,298
110,10,8,蘆洲區,78歲,78,78,不相關,0.0,女,377
110,10,8,蘆洲區,79歲,79,79,不相關,0.0,男,261
110,10,8,蘆洲區,79歲,79,79,不相關,0.0,女,351
110,10,8,蘆洲區,80歲,80,80,不相關,0.0,男,246
110,10,8,蘆洲區,80歲,80,80,不相關,0.0,女,325
110,10,8,蘆洲區,81歲,81,81,不相關,0.0,男,258
110,10,8,蘆洲區,81歲,81,81,不相關,0.0,女,293
110,10,8,蘆洲區,82歲,82,82,不相關,0.0,男,181
110,10,8,蘆洲區,82歲,82,82,不相關,0.0,女,259
110,10,8,蘆洲區,83歲,83,83,不相關,0.0,男,168
110,10,8,蘆洲區,83歲,83,83,不相關,0.0,女,232
110,10,8,蘆洲區,84歲,84,84,不相關,0.0,男,126
110,10,8,蘆洲區,84歲,84,84,不相關,0.0,女,215
110,10,8,蘆洲區,85歲,85,85,不相關,0.0,男,104
110,10,8,蘆洲區,85歲,85,85,不相關,0.0,女,176
110,10,8,蘆洲區,86歲,86,86,不相關,0.0,男,94
110,10,8,蘆洲區,86歲,86,86,不相關,0.0,女,146
110,10,8,蘆洲區,87歲,87,87,不相關,0.0,男,58
110,10,8,蘆洲區,87歲,87,87,不相關,0.0,女,141
110,10,8,蘆洲區,88歲,88,88,不相關,0.0,男,68
110,10,8,蘆洲區,88歲,88,88,不相關,0.0,女,91
110,10,8,蘆洲區,89歲,89,89,不相關,0.0,男,44
110,10,8,蘆洲區,89歲,89,89,不相關,0.0,女,73
110,10,8,蘆洲區,90歲,90,90,不相關,0.0,男,51
110,10,8,蘆洲區,90歲,90,90,不相關,0.0,女,81
110,10,8,蘆洲區,91歲,91,91,不相關,0.0,男,37
110,10,8,蘆洲區,91歲,91,91,不相關,0.0,女,71
110,10,8,蘆洲區,92歲,92,92,不相關,0.0,男,30
110,10,8,蘆洲區,92歲,92,92,不相關,0.0,女,41
110,10,8,蘆洲區,93歲,93,93,不相關,0.0,男,20
110,10,8,蘆洲區,93歲,93,93,不相關,0.0,女,44
110,10,8,蘆洲區,94歲,94,94,不相關,0.0,男,18
110,10,8,蘆洲區,94歲,94,94,不相關,0.0,女,26
110,10,8,蘆洲區,95歲,95,95,不相關,0.0,男,10
110,10,8,蘆洲區,95歲,95,95,不相關,0.0,女,23
110,10,8,蘆洲區,96歲,96,96,不相關,0.0,男,9
110,10,8,蘆洲區,96歲,96,96,不相關,0.0,女,17
110,10,8,蘆洲區,97歲,97,97,不相關,0.0,男,7
110,10,8,蘆洲區,97歲,97,97,不相關,0.0,女,5
110,10,8,蘆洲區,98歲,98,98,不相關,0.0,男,4
110,10,8,蘆洲區,98歲,98,98,不相關,0.0,女,5
110,10,8,蘆洲區,99歲,99,99,不相關,0.0,男,4
110,10,8,蘆洲區,99歲,99,99,不相關,0.0,女,6
110,10,8,蘆洲區,100歲以上,100,100,不相關,0.0,男,10
110,10,8,蘆洲區,100歲以上,100,100,不相關,0.0,女,15
110,11,8,蘆洲區,0歲,0,0,不相關,0.0,男,662
110,11,8,蘆洲區,0歲,0,0,不相關,0.0,女,591
110,11,8,蘆洲區,1歲,1,1,不相關,0.0,男,737
110,11,8,蘆洲區,1歲,1,1,不相關,0.0,女,704
110,11,8,蘆洲區,2歲,2,2,不相關,0.0,男,766
110,11,8,蘆洲區,2歲,2,2,不相關,0.0,女,759
110,11,8,蘆洲區,3歲,3,3,不相關,0.0,男,783
110,11,8,蘆洲區,3歲,3,3,不相關,0.0,女,734
110,11,8,蘆洲區,4歲,4,4,不相關,0.0,男,826
110,11,8,蘆洲區,4歲,4,4,不相關,0.0,女,831
110,11,8,蘆洲區,5歲,5,5,不相關,0.0,男,1007
110,11,8,蘆洲區,5歲,5,5,不相關,0.0,女,873
110,11,8,蘆洲區,6歲,6,6,不相關,0.0,男,1050
110,11,8,蘆洲區,6歲,6,6,不相關,0.0,女,877
110,11,8,蘆洲區,7歲,7,7,不相關,0.0,男,1011
110,11,8,蘆洲區,7歲,7,7,不相關,0.0,女,983
110,11,8,蘆洲區,8歲,8,8,不相關,0.0,男,966
110,11,8,蘆洲區,8歲,8,8,不相關,0.0,女,848
110,11,8,蘆洲區,9歲,9,9,不相關,0.0,男,1107
110,11,8,蘆洲區,9歲,9,9,不相關,0.0,女,961
110,11,8,蘆洲區,10歲,10,10,不相關,0.0,男,854
110,11,8,蘆洲區,10歲,10,10,不相關,0.0,女,800
110,11,8,蘆洲區,11歲,11,11,不相關,0.0,男,723
110,11,8,蘆洲區,11歲,11,11,不相關,0.0,女,662
110,11,8,蘆洲區,12歲,12,12,不相關,0.0,男,881
110,11,8,蘆洲區,12歲,12,12,不相關,0.0,女,750
110,11,8,蘆洲區,13歲,13,13,不相關,0.0,男,928
110,11,8,蘆洲區,13歲,13,13,不相關,0.0,女,788
110,11,8,蘆洲區,14歲,14,14,不相關,0.0,男,916
110,11,8,蘆洲區,14歲,14,14,不相關,0.0,女,886
110,11,8,蘆洲區,15歲,15,15,不相關,0.0,男,976
110,11,8,蘆洲區,15歲,15,15,不相關,0.0,女,884
110,11,8,蘆洲區,16歲,16,16,不相關,0.0,男,985
110,11,8,蘆洲區,16歲,16,16,不相關,0.0,女,910
110,11,8,蘆洲區,17歲,17,17,不相關,0.0,男,991
110,11,8,蘆洲區,17歲,17,17,不相關,0.0,女,964
110,11,8,蘆洲區,18歲,18,18,完全落入,1.0,男,1204
110,11,8,蘆洲區,18歲,18,18,完全落入,1.0,女,1000
110,11,8,蘆洲區,19歲,19,19,完全落入,1.0,男,1186
110,11,8,蘆洲區,19歲,19,19,完全落入,1.0,女,1034
110,11,8,蘆洲區,20歲,20,20,完全落入,1.0,男,1279
110,11,8,蘆洲區,20歲,20,20,完全落入,1.0,女,1183
110,11,8,蘆洲區,21歲,21,21,完全落入,1.0,男,1492
110,11,8,蘆洲區,21歲,21,21,完全落入,1.0,女,1385
110,11,8,蘆洲區,22歲,22,22,完全落入,1.0,男,1399
110,11,8,蘆洲區,22歲,22,22,完全落入,1.0,女,1328
110,11,8,蘆洲區,23歲,23,23,完全落入,1.0,男,1347
110,11,8,蘆洲區,23歲,23,23,完全落入,1.0,女,1183
110,11,8,蘆洲區,24歲,24,24,完全落入,1.0,男,1689
110,11,8,蘆洲區,24歲,24,24,完全落入,1.0,女,1451
110,11,8,蘆洲區,25歲,25,25,完全落入,1.0,男,1539
110,11,8,蘆洲區,25歲,25,25,完全落入,1.0,女,1447
110,11,8,蘆洲區,26歲,26,26,完全落入,1.0,男,1574
110,11,8,蘆洲區,26歲,26,26,完全落入,1.0,女,1509
110,11,8,蘆洲區,27歲,27,27,完全落入,1.0,男,1583
110,11,8,蘆洲區,27歲,27,27,完全落入,1.0,女,1449
110,11,8,蘆洲區,28歲,28,28,完全落入,1.0,男,1653
110,11,8,蘆洲區,28歲,28,28,完全落入,1.0,女,1509
110,11,8,蘆洲區,29歲,29,29,完全落入,1.0,男,1643
110,11,8,蘆洲區,29歲,29,29,完全落入,1.0,女,1499
110,11,8,蘆洲區,30歲,30,30,完全落入,1.0,男,1607
110,11,8,蘆洲區,30歲,30,30,完全落入,1.0,女,1473
110,11,8,蘆洲區,31歲,31,31,完全落入,1.0,男,1693
110,11,8,蘆洲區,31歲,31,31,完全落入,1.0,女,1529
110,11,8,蘆洲區,32歲,32,32,完全落入,1.0,男,1528
110,11,8,蘆洲區,32歲,32,32,完全落入,1.0,女,1393
110,11,8,蘆洲區,33歲,33,33,完全落入,1.0,男,1585
110,11,8,蘆洲區,33歲,33,33,完全落入,1.0,女,1559
110,11,8,蘆洲區,34歲,34,34,完全落入,1.0,男,1417
110,11,8,蘆洲區,34歲,34,34,完全落入,1.0,女,1389
110,11,8,蘆洲區,35歲,35,35,完全落入,1.0,男,1330
110,11,8,蘆洲區,35歲,35,35,完全落入,1.0,女,1377
110,11,8,蘆洲區,36歲,36,36,不相關,0.0,男,1467
110,11,8,蘆洲區,36歲,36,36,不相關,0.0,女,1440
110,11,8,蘆洲區,37歲,37,37,不相關,0.0,男,1582
110,11,8,蘆洲區,37歲,37,37,不相關,0.0,女,1542
110,11,8,蘆洲區,38歲,38,38,不相關,0.0,男,1640
110,11,8,蘆洲區,38歲,38,38,不相關,0.0,女,1650
110,11,8,蘆洲區,39歲,39,39,不相關,0.0,男,1735
110,11,8,蘆洲區,39歲,39,39,不相關,0.0,女,1797
110,11,8,蘆洲區,40歲,40,40,不相關,0.0,男,1781
110,11,8,蘆洲區,40歲,40,40,不相關,0.0,女,1799
110,11,8,蘆洲區,41歲,41,41,不相關,0.0,男,1701
110,11,8,蘆洲區,41歲,41,41,不相關,0.0,女,1839
110,11,8,蘆洲區,42歲,42,42,不相關,0.0,男,1765
110,11,8,蘆洲區,42歲,42,42,不相關,0.0,女,1951
110,11,8,蘆洲區,43歲,43,43,不相關,0.0,男,1729
110,11,8,蘆洲區,43歲,43,43,不相關,0.0,女,1817
110,11,8,蘆洲區,44歲,44,44,不相關,0.0,男,1604
110,11,8,蘆洲區,44歲,44,44,不相關,0.0,女,1751
110,11,8,蘆洲區,45歲,45,45,不相關,0.0,男,1745
110,11,8,蘆洲區,45歲,45,45,不相關,0.0,女,1788
110,11,8,蘆洲區,46歲,46,46,不相關,0.0,男,1483
110,11,8,蘆洲區,46歲,46,46,不相關,0.0,女,1697
110,11,8,蘆洲區,47歲,47,47,不相關,0.0,男,1516
110,11,8,蘆洲區,47歲,47,47,不相關,0.0,女,1614
110,11,8,蘆洲區,48歲,48,48,不相關,0.0,男,1460
110,11,8,蘆洲區,48歲,48,48,不相關,0.0,女,1595
110,11,8,蘆洲區,49歲,49,49,不相關,0.0,男,1428
110,11,8,蘆洲區,49歲,49,49,不相關,0.0,女,1560
110,11,8,蘆洲區,50歲,50,50,不相關,0.0,男,1518
110,11,8,蘆洲區,50歲,50,50,不相關,0.0,女,1676
110,11,8,蘆洲區,51歲,51,51,不相關,0.0,男,1550
110,11,8,蘆洲區,51歲,51,51,不相關,0.0,女,1709
110,11,8,蘆洲區,52歲,52,52,不相關,0.0,男,1484
110,11,8,蘆洲區,52歲,52,52,不相關,0.0,女,1727
110,11,8,蘆洲區,53歲,53,53,不相關,0.0,男,1425
110,11,8,蘆洲區,53歲,53,53,不相關,0.0,女,1876
110,11,8,蘆洲區,54歲,54,54,不相關,0.0,男,1453
110,11,8,蘆洲區,54歲,54,54,不相關,0.0,女,1707
110,11,8,蘆洲區,55歲,55,55,不相關,0.0,男,1465
110,11,8,蘆洲區,55歲,55,55,不相關,0.0,女,1806
110,11,8,蘆洲區,56歲,56,56,不相關,0.0,男,1482
110,11,8,蘆洲區,56歲,56,56,不相關,0.0,女,1759
110,11,8,蘆洲區,57歲,57,57,不相關,0.0,男,1523
110,11,8,蘆洲區,57歲,57,57,不相關,0.0,女,1846
110,11,8,蘆洲區,58歲,58,58,不相關,0.0,男,1595
110,11,8,蘆洲區,58歲,58,58,不相關,0.0,女,1840
110,11,8,蘆洲區,59歲,59,59,不相關,0.0,男,1511
110,11,8,蘆洲區,59歲,59,59,不相關,0.0,女,1774
110,11,8,蘆洲區,60歲,60,60,不相關,0.0,男,1452
110,11,8,蘆洲區,60歲,60,60,不相關,0.0,女,1725
110,11,8,蘆洲區,61歲,61,61,不相關,0.0,男,1388
110,11,8,蘆洲區,61歲,61,61,不相關,0.0,女,1625
110,11,8,蘆洲區,62歲,62,62,不相關,0.0,男,1421
110,11,8,蘆洲區,62歲,62,62,不相關,0.0,女,1658
110,11,8,蘆洲區,63歲,63,63,不相關,0.0,男,1338
110,11,8,蘆洲區,63歲,63,63,不相關,0.0,女,1544
110,11,8,蘆洲區,64歲,64,64,不相關,0.0,男,1187
110,11,8,蘆洲區,64歲,64,64,不相關,0.0,女,1366
110,11,8,蘆洲區,65歲,65,65,不相關,0.0,男,1252
110,11,8,蘆洲區,65歲,65,65,不相關,0.0,女,1449
110,11,8,蘆洲區,66歲,66,66,不相關,0.0,男,1142
110,11,8,蘆洲區,66歲,66,66,不相關,0.0,女,1329
110,11,8,蘆洲區,67歲,67,67,不相關,0.0,男,1021
110,11,8,蘆洲區,67歲,67,67,不相關,0.0,女,1225
110,11,8,蘆洲區,68歲,68,68,不相關,0.0,男,914
110,11,8,蘆洲區,68歲,68,68,不相關,0.0,女,1082
110,11,8,蘆洲區,69歲,69,69,不相關,0.0,男,967
110,11,8,蘆洲區,69歲,69,69,不相關,0.0,女,1051
110,11,8,蘆洲區,70歲,70,70,不相關,0.0,男,899
110,11,8,蘆洲區,70歲,70,70,不相關,0.0,女,1013
110,11,8,蘆洲區,71歲,71,71,不相關,0.0,男,711
110,11,8,蘆洲區,71歲,71,71,不相關,0.0,女,832
110,11,8,蘆洲區,72歲,72,72,不相關,0.0,男,569
110,11,8,蘆洲區,72歲,72,72,不相關,0.0,女,763
110,11,8,蘆洲區,73歲,73,73,不相關,0.0,男,467
110,11,8,蘆洲區,73歲,73,73,不相關,0.0,女,586
110,11,8,蘆洲區,74歲,74,74,不相關,0.0,男,414
110,11,8,蘆洲區,74歲,74,74,不相關,0.0,女,453
110,11,8,蘆洲區,75歲,75,75,不相關,0.0,男,305
110,11,8,蘆洲區,75歲,75,75,不相關,0.0,女,377
110,11,8,蘆洲區,76歲,76,76,不相關,0.0,男,279
110,11,8,蘆洲區,76歲,76,76,不相關,0.0,女,364
110,11,8,蘆洲區,77歲,77,77,不相關,0.0,男,344
110,11,8,蘆洲區,77歲,77,77,不相關,0.0,女,404
110,11,8,蘆洲區,78歲,78,78,不相關,0.0,男,284
110,11,8,蘆洲區,78歲,78,78,不相關,0.0,女,380
110,11,8,蘆洲區,79歲,79,79,不相關,0.0,男,266
110,11,8,蘆洲區,79歲,79,79,不相關,0.0,女,351
110,11,8,蘆洲區,80歲,80,80,不相關,0.0,男,246
110,11,8,蘆洲區,80歲,80,80,不相關,0.0,女,328
110,11,8,蘆洲區,81歲,81,81,不相關,0.0,男,251
110,11,8,蘆洲區,81歲,81,81,不相關,0.0,女,306
110,11,8,蘆洲區,82歲,82,82,不相關,0.0,男,192
110,11,8,蘆洲區,82歲,82,82,不相關,0.0,女,266
110,11,8,蘆洲區,83歲,83,83,不相關,0.0,男,170
110,11,8,蘆洲區,83歲,83,83,不相關,0.0,女,219
110,11,8,蘆洲區,84歲,84,84,不相關,0.0,男,122
110,11,8,蘆洲區,84歲,84,84,不相關,0.0,女,209
110,11,8,蘆洲區,85歲,85,85,不相關,0.0,男,110
110,11,8,蘆洲區,85歲,85,85,不相關,0.0,女,185
110,11,8,蘆洲區,86歲,86,86,不相關,0.0,男,96
110,11,8,蘆洲區,86歲,86,86,不相關,0.0,女,155
110,11,8,蘆洲區,87歲,87,87,不相關,0.0,男,62
110,11,8,蘆洲區,87歲,87,87,不相關,0.0,女,144
110,11,8,蘆洲區,88歲,88,88,不相關,0.0,男,64
110,11,8,蘆洲區,88歲,88,88,不相關,0.0,女,90
110,11,8,蘆洲區,89歲,89,89,不相關,0.0,男,46
110,11,8,蘆洲區,89歲,89,89,不相關,0.0,女,77
110,11,8,蘆洲區,90歲,90,90,不相關,0.0,男,49
110,11,8,蘆洲區,90歲,90,90,不相關,0.0,女,79
110,11,8,蘆洲區,91歲,91,91,不相關,0.0,男,36
110,11,8,蘆洲區,91歲,91,91,不相關,0.0,女,69
110,11,8,蘆洲區,92歲,92,92,不相關,0.0,男,36
110,11,8,蘆洲區,92歲,92,92,不相關,0.0,女,41
110,11,8,蘆洲區,93歲,93,93,不相關,0.0,男,19
110,11,8,蘆洲區,93歲,93,93,不相關,0.0,女,46
110,11,8,蘆洲區,94歲,94,94,不相關,0.0,男,19
110,11,8,蘆洲區,94歲,94,94,不相關,0.0,女,26
110,11,8,蘆洲區,95歲,95,95,不相關,0.0,男,9
110,11,8,蘆洲區,95歲,95,95,不相關,0.0,女,20
110,11,8,蘆洲區,96歲,96,96,不相關,0.0,男,10
110,11,8,蘆洲區,96歲,96,96,不相關,0.0,女,20
110,11,8,蘆洲區,97歲,97,97,不相關,0.0,男,6
110,11,8,蘆洲區,97歲,97,97,不相關,0.0,女,5
110,11,8,蘆洲區,98歲,98,98,不相關,0.0,男,3
110,11,8,蘆洲區,98歲,98,98,不相關,0.0,女,6
110,11,8,蘆洲區,99歲,99,99,不相關,0.0,男,4
110,11,8,蘆洲區,99歲,99,99,不相關,0.0,女,4
110,11,8,蘆洲區,100歲以上,100,100,不相關,0.0,男,10
110,11,8,蘆洲區,100歲以上,100,100,不相關,0.0,女,15
110,12,8,蘆洲區,0歲,0,0,不相關,0.0,男,658
110,12,8,蘆洲區,0歲,0,0,不相關,0.0,女,610
110,12,8,蘆洲區,1歲,1,1,不相關,0.0,男,748
110,12,8,蘆洲區,1歲,1,1,不相關,0.0,女,667
110,12,8,蘆洲區,2歲,2,2,不相關,0.0,男,777
110,12,8,蘆洲區,2歲,2,2,不相關,0.0,女,774
110,12,8,蘆洲區,3歲,3,3,不相關,0.0,男,772
110,12,8,蘆洲區,3歲,3,3,不相關,0.0,女,735
110,12,8,蘆洲區,4歲,4,4,不相關,0.0,男,821
110,12,8,蘆洲區,4歲,4,4,不相關,0.0,女,824
110,12,8,蘆洲區,5歲,5,5,不相關,0.0,男,994
110,12,8,蘆洲區,5歲,5,5,不相關,0.0,女,869
110,12,8,蘆洲區,6歲,6,6,不相關,0.0,男,1052
110,12,8,蘆洲區,6歲,6,6,不相關,0.0,女,886
110,12,8,蘆洲區,7歲,7,7,不相關,0.0,男,1022
110,12,8,蘆洲區,7歲,7,7,不相關,0.0,女,990
110,12,8,蘆洲區,8歲,8,8,不相關,0.0,男,949
110,12,8,蘆洲區,8歲,8,8,不相關,0.0,女,804
110,12,8,蘆洲區,9歲,9,9,不相關,0.0,男,1121
110,12,8,蘆洲區,9歲,9,9,不相關,0.0,女,989
110,12,8,蘆洲區,10歲,10,10,不相關,0.0,男,874
110,12,8,蘆洲區,10歲,10,10,不相關,0.0,女,822
110,12,8,蘆洲區,11歲,11,11,不相關,0.0,男,691
110,12,8,蘆洲區,11歲,11,11,不相關,0.0,女,637
110,12,8,蘆洲區,12歲,12,12,不相關,0.0,男,884
110,12,8,蘆洲區,12歲,12,12,不相關,0.0,女,756
110,12,8,蘆洲區,13歲,13,13,不相關,0.0,男,919
110,12,8,蘆洲區,13歲,13,13,不相關,0.0,女,786
110,12,8,蘆洲區,14歲,14,14,不相關,0.0,男,923
110,12,8,蘆洲區,14歲,14,14,不相關,0.0,女,879
110,12,8,蘆洲區,15歲,15,15,不相關,0.0,男,976
110,12,8,蘆洲區,15歲,15,15,不相關,0.0,女,888
110,12,8,蘆洲區,16歲,16,16,不相關,0.0,男,972
110,12,8,蘆洲區,16歲,16,16,不相關,0.0,女,896
110,12,8,蘆洲區,17歲,17,17,不相關,0.0,男,990
110,12,8,蘆洲區,17歲,17,17,不相關,0.0,女,958
110,12,8,蘆洲區,18歲,18,18,完全落入,1.0,男,1183
110,12,8,蘆洲區,18歲,18,18,完全落入,1.0,女,995
110,12,8,蘆洲區,19歲,19,19,完全落入,1.0,男,1197
110,12,8,蘆洲區,19歲,19,19,完全落入,1.0,女,1033
110,12,8,蘆洲區,20歲,20,20,完全落入,1.0,男,1235
110,12,8,蘆洲區,20歲,20,20,完全落入,1.0,女,1160
110,12,8,蘆洲區,21歲,21,21,完全落入,1.0,男,1521
110,12,8,蘆洲區,21歲,21,21,完全落入,1.0,女,1413
110,12,8,蘆洲區,22歲,22,22,完全落入,1.0,男,1402
110,12,8,蘆洲區,22歲,22,22,完全落入,1.0,女,1288
110,12,8,蘆洲區,23歲,23,23,完全落入,1.0,男,1327
110,12,8,蘆洲區,23歲,23,23,完全落入,1.0,女,1182
110,12,8,蘆洲區,24歲,24,24,完全落入,1.0,男,1642
110,12,8,蘆洲區,24歲,24,24,完全落入,1.0,女,1450
110,12,8,蘆洲區,25歲,25,25,完全落入,1.0,男,1573
110,12,8,蘆洲區,25歲,25,25,完全落入,1.0,女,1452
110,12,8,蘆洲區,26歲,26,26,完全落入,1.0,男,1581
110,12,8,蘆洲區,26歲,26,26,完全落入,1.0,女,1500
110,12,8,蘆洲區,27歲,27,27,完全落入,1.0,男,1580
110,12,8,蘆洲區,27歲,27,27,完全落入,1.0,女,1431
110,12,8,蘆洲區,28歲,28,28,完全落入,1.0,男,1644
110,12,8,蘆洲區,28歲,28,28,完全落入,1.0,女,1534
110,12,8,蘆洲區,29歲,29,29,完全落入,1.0,男,1639
110,12,8,蘆洲區,29歲,29,29,完全落入,1.0,女,1467
110,12,8,蘆洲區,30歲,30,30,完全落入,1.0,男,1595
110,12,8,蘆洲區,30歲,30,30,完全落入,1.0,女,1457
110,12,8,蘆洲區,31歲,31,31,完全落入,1.0,男,1707
110,12,8,蘆洲區,31歲,31,31,完全落入,1.0,女,1563
110,12,8,蘆洲區,32歲,32,32,完全落入,1.0,男,1510
110,12,8,蘆洲區,32歲,32,32,完全落入,1.0,女,1374
110,12,8,蘆洲區,33歲,33,33,完全落入,1.0,男,1616
110,12,8,蘆洲區,33歲,33,33,完全落入,1.0,女,1567
110,12,8,蘆洲區,34歲,34,34,完全落入,1.0,男,1432
110,12,8,蘆洲區,34歲,34,34,完全落入,1.0,女,1392
110,12,8,蘆洲區,35歲,35,35,完全落入,1.0,男,1296
110,12,8,蘆洲區,35歲,35,35,完全落入,1.0,女,1347
110,12,8,蘆洲區,36歲,36,36,不相關,0.0,男,1462
110,12,8,蘆洲區,36歲,36,36,不相關,0.0,女,1423
110,12,8,蘆洲區,37歲,37,37,不相關,0.0,男,1583
110,12,8,蘆洲區,37歲,37,37,不相關,0.0,女,1565
110,12,8,蘆洲區,38歲,38,38,不相關,0.0,男,1615
110,12,8,蘆洲區,38歲,38,38,不相關,0.0,女,1638
110,12,8,蘆洲區,39歲,39,39,不相關,0.0,男,1745
110,12,8,蘆洲區,39歲,39,39,不相關,0.0,女,1772
110,12,8,蘆洲區,40歲,40,40,不相關,0.0,男,1767
110,12,8,蘆洲區,40歲,40,40,不相關,0.0,女,1790
110,12,8,蘆洲區,41歲,41,41,不相關,0.0,男,1741
110,12,8,蘆洲區,41歲,41,41,不相關,0.0,女,1832
110,12,8,蘆洲區,42歲,42,42,不相關,0.0,男,1729
110,12,8,蘆洲區,42歲,42,42,不相關,0.0,女,1946
110,12,8,蘆洲區,43歲,43,43,不相關,0.0,男,1745
110,12,8,蘆洲區,43歲,43,43,不相關,0.0,女,1850
110,12,8,蘆洲區,44歲,44,44,不相關,0.0,男,1575
110,12,8,蘆洲區,44歲,44,44,不相關,0.0,女,1707
110,12,8,蘆洲區,45歲,45,45,不相關,0.0,男,1780
110,12,8,蘆洲區,45歲,45,45,不相關,0.0,女,1832
110,12,8,蘆洲區,46歲,46,46,不相關,0.0,男,1476
110,12,8,蘆洲區,46歲,46,46,不相關,0.0,女,1677
110,12,8,蘆洲區,47歲,47,47,不相關,0.0,男,1500
110,12,8,蘆洲區,47歲,47,47,不相關,0.0,女,1623
110,12,8,蘆洲區,48歲,48,48,不相關,0.0,男,1469
110,12,8,蘆洲區,48歲,48,48,不相關,0.0,女,1580
110,12,8,蘆洲區,49歲,49,49,不相關,0.0,男,1433
110,12,8,蘆洲區,49歲,49,49,不相關,0.0,女,1586
110,12,8,蘆洲區,50歲,50,50,不相關,0.0,男,1513
110,12,8,蘆洲區,50歲,50,50,不相關,0.0,女,1652
110,12,8,蘆洲區,51歲,51,51,不相關,0.0,男,1549
110,12,8,蘆洲區,51歲,51,51,不相關,0.0,女,1718
110,12,8,蘆洲區,52歲,52,52,不相關,0.0,男,1464
110,12,8,蘆洲區,52歲,52,52,不相關,0.0,女,1712
110,12,8,蘆洲區,53歲,53,53,不相關,0.0,男,1424
110,12,8,蘆洲區,53歲,53,53,不相關,0.0,女,1856
110,12,8,蘆洲區,54歲,54,54,不相關,0.0,男,1462
110,12,8,蘆洲區,54歲,54,54,不相關,0.0,女,1672
110,12,8,蘆洲區,55歲,55,55,不相關,0.0,男,1444
110,12,8,蘆洲區,55歲,55,55,不相關,0.0,女,1844
110,12,8,蘆洲區,56歲,56,56,不相關,0.0,男,1489
110,12,8,蘆洲區,56歲,56,56,不相關,0.0,女,1758
110,12,8,蘆洲區,57歲,57,57,不相關,0.0,男,1529
110,12,8,蘆洲區,57歲,57,57,不相關,0.0,女,1824
110,12,8,蘆洲區,58歲,58,58,不相關,0.0,男,1593
110,12,8,蘆洲區,58歲,58,58,不相關,0.0,女,1850
110,12,8,蘆洲區,59歲,59,59,不相關,0.0,男,1500
110,12,8,蘆洲區,59歲,59,59,不相關,0.0,女,1807
110,12,8,蘆洲區,60歲,60,60,不相關,0.0,男,1447
110,12,8,蘆洲區,60歲,60,60,不相關,0.0,女,1689
110,12,8,蘆洲區,61歲,61,61,不相關,0.0,男,1418
110,12,8,蘆洲區,61歲,61,61,不相關,0.0,女,1649
110,12,8,蘆洲區,62歲,62,62,不相關,0.0,男,1397
110,12,8,蘆洲區,62歲,62,62,不相關,0.0,女,1618
110,12,8,蘆洲區,63歲,63,63,不相關,0.0,男,1345
110,12,8,蘆洲區,63歲,63,63,不相關,0.0,女,1564
110,12,8,蘆洲區,64歲,64,64,不相關,0.0,男,1184
110,12,8,蘆洲區,64歲,64,64,不相關,0.0,女,1397
110,12,8,蘆洲區,65歲,65,65,不相關,0.0,男,1261
110,12,8,蘆洲區,65歲,65,65,不相關,0.0,女,1460
110,12,8,蘆洲區,66歲,66,66,不相關,0.0,男,1130
110,12,8,蘆洲區,66歲,66,66,不相關,0.0,女,1308
110,12,8,蘆洲區,67歲,67,67,不相關,0.0,男,1045
110,12,8,蘆洲區,67歲,67,67,不相關,0.0,女,1230
110,12,8,蘆洲區,68歲,68,68,不相關,0.0,男,899
110,12,8,蘆洲區,68歲,68,68,不相關,0.0,女,1091
110,12,8,蘆洲區,69歲,69,69,不相關,0.0,男,953
110,12,8,蘆洲區,69歲,69,69,不相關,0.0,女,1037
110,12,8,蘆洲區,70歲,70,70,不相關,0.0,男,934
110,12,8,蘆洲區,70歲,70,70,不相關,0.0,女,1035
110,12,8,蘆洲區,71歲,71,71,不相關,0.0,男,717
110,12,8,蘆洲區,71歲,71,71,不相關,0.0,女,851
110,12,8,蘆洲區,72歲,72,72,不相關,0.0,男,572
110,12,8,蘆洲區,72歲,72,72,不相關,0.0,女,756
110,12,8,蘆洲區,73歲,73,73,不相關,0.0,男,475
110,12,8,蘆洲區,73歲,73,73,不相關,0.0,女,591
110,12,8,蘆洲區,74歲,74,74,不相關,0.0,男,419
110,12,8,蘆洲區,74歲,74,74,不相關,0.0,女,489
110,12,8,蘆洲區,75歲,75,75,不相關,0.0,男,317
110,12,8,蘆洲區,75歲,75,75,不相關,0.0,女,360
110,12,8,蘆洲區,76歲,76,76,不相關,0.0,男,279
110,12,8,蘆洲區,76歲,76,76,不相關,0.0,女,363
110,12,8,蘆洲區,77歲,77,77,不相關,0.0,男,321
110,12,8,蘆洲區,77歲,77,77,不相關,0.0,女,401
110,12,8,蘆洲區,78歲,78,78,不相關,0.0,男,299
110,12,8,蘆洲區,78歲,78,78,不相關,0.0,女,383
110,12,8,蘆洲區,79歲,79,79,不相關,0.0,男,262
110,12,8,蘆洲區,79歲,79,79,不相關,0.0,女,347
110,12,8,蘆洲區,80歲,80,80,不相關,0.0,男,248
110,12,8,蘆洲區,80歲,80,80,不相關,0.0,女,328
110,12,8,蘆洲區,81歲,81,81,不相關,0.0,男,263
110,12,8,蘆洲區,81歲,81,81,不相關,0.0,女,313
110,12,8,蘆洲區,82歲,82,82,不相關,0.0,男,188
110,12,8,蘆洲區,82歲,82,82,不相關,0.0,女,259
110,12,8,蘆洲區,83歲,83,83,不相關,0.0,男,177
110,12,8,蘆洲區,83歲,83,83,不相關,0.0,女,222
110,12,8,蘆洲區,84歲,84,84,不相關,0.0,男,124
110,12,8,蘆洲區,84歲,84,84,不相關,0.0,女,212
110,12,8,蘆洲區,85歲,85,85,不相關,0.0,男,105
110,12,8,蘆洲區,85歲,85,85,不相關,0.0,女,182
110,12,8,蘆洲區,86歲,86,86,不相關,0.0,男,101
110,12,8,蘆洲區,86歲,86,86,不相關,0.0,女,156
110,12,8,蘆洲區,87歲,87,87,不相關,0.0,男,62
110,12,8,蘆洲區,87歲,87,87,不相關,0.0,女,142
110,12,8,蘆洲區,88歲,88,88,不相關,0.0,男,61
110,12,8,蘆洲區,88歲,88,88,不相關,0.0,女,99
110,12,8,蘆洲區,89歲,89,89,不相關,0.0,男,46
110,12,8,蘆洲區,89歲,89,89,不相關,0.0,女,73
110,12,8,蘆洲區,90歲,90,90,不相關,0.0,男,43
110,12,8,蘆洲區,90歲,90,90,不相關,0.0,女,82
110,12,8,蘆洲區,91歲,91,91,不相關,0.0,男,43
110,12,8,蘆洲區,91歲,91,91,不相關,0.0,女,72
110,12,8,蘆洲區,92歲,92,92,不相關,0.0,男,35
110,12,8,蘆洲區,92歲,92,92,不相關,0.0,女,40
110,12,8,蘆洲區,93歲,93,93,不相關,0.0,男,18
110,12,8,蘆洲區,93歲,93,93,不相關,0.0,女,47
110,12,8,蘆洲區,94歲,94,94,不相關,0.0,男,19
110,12,8,蘆洲區,94歲,94,94,不相關,0.0,女,25
110,12,8,蘆洲區,95歲,95,95,不相關,0.0,男,9
110,12,8,蘆洲區,95歲,95,95,不相關,0.0,女,21
110,12,8,蘆洲區,96歲,96,96,不相關,0.0,男,8
110,12,8,蘆洲區,96歲,96,96,不相關,0.0,女,19
110,12,8,蘆洲區,97歲,97,97,不相關,0.0,男,6
110,12,8,蘆洲區,97歲,97,97,不相關,0.0,女,6
110,12,8,蘆洲區,98歲,98,98,不相關,0.0,男,4
110,12,8,蘆洲區,98歲,98,98,不相關,0.0,女,6
110,12,8,蘆洲區,99歲,99,99,不相關,0.0,男,3
110,12,8,蘆洲區,99歲,99,99,不相關,0.0,女,4
110,12,8,蘆洲區,100歲以上,100,100,不相關,0.0,男,11
110,12,8,蘆洲區,100歲以上,100,100,不相關,0.0,女,15
