民國年,月,區代碼,行政區,年齡標籤,年齡下限,年齡上限,青年關係,青年權重,性別,主題,機關,資料集,標籤欄,數值欄序號,欄位名稱待補,人數
101,,,,,,,欄位未定義,0.0,,交通,新北市政府主計處,大眾交通工具駕駛人員,2012,item value2,是（欄位說明僅存於新北市統計年報）,2523.0
101,,,,,,,欄位未定義,0.0,,交通,新北市政府主計處,大眾交通工具駕駛人員,2012,item value3,是（欄位說明僅存於新北市統計年報）,56.0
101,,,,,,,欄位未定義,0.0,,交通,新北市政府主計處,大眾交通工具駕駛人員,2012,item value4,是（欄位說明僅存於新北市統計年報）,29022.0
101,,,,,,,欄位未定義,0.0,,交通,新北市政府主計處,大眾交通工具駕駛人員,2012,item value5,是（欄位說明僅存於新北市統計年報）,581.0
101,,,,,,,欄位未定義,0.0,,交通,新北市政府主計處,大眾交通工具駕駛人員,2012,item value6,是（欄位說明僅存於新北市統計年報）,97.8286157425
101,,,,,,,欄位未定義,0.0,,交通,新北市政府主計處,大眾交通工具駕駛人員,2012,item value7,是（欄位說明僅存於新北市統計年報）,2.1713842575
101,,,,,,,欄位未定義,0.0,,交通,新北市政府主計處,大眾交通工具駕駛人員,2012,item value8,是（欄位說明僅存於新北市統計年報）,98.0373610783
101,,,,,,,欄位未定義,0.0,,交通,新北市政府主計處,大眾交通工具駕駛人員,2012,item value9,是（欄位說明僅存於新北市統計年報）,1.9626389217
101,,,,,,,欄位未定義,0.0,,交通,新北市政府主計處,道路交通安全,2012,itemvalue2,是（欄位說明僅存於新北市統計年報）,173.0
101,,,,,,,欄位未定義,0.0,,交通,新北市政府主計處,道路交通安全,2012,itemvalue3,是（欄位說明僅存於新北市統計年報）,79.0
101,,,,,,,欄位未定義,0.0,,交通,新北市政府主計處,道路交通安全,2012,itemvalue4,是（欄位說明僅存於新北市統計年報）,0.0
101,,,,,,,欄位未定義,0.0,,交通,新北市政府主計處,道路交通安全,2012,itemvalue5,是（欄位說明僅存於新北市統計年報）,3.0
101,,,,,,,欄位未定義,0.0,,交通,新北市政府主計處,道路交通安全,2012,itemvalue6,是（欄位說明僅存於新北市統計年報）,9.0
101,,,,,,,欄位未定義,0.0,,交通,新北市政府主計處,道路交通安全,2012,itemvalue7,是（欄位說明僅存於新北市統計年報）,1.0
101,,,,,,,欄位未定義,0.0,,交通,新北市政府主計處,道路交通安全,2012,itemvalue8,是（欄位說明僅存於新北市統計年報）,35.0
101,,,,,,,欄位未定義,0.0,,交通,新北市政府主計處,道路交通安全,2012,itemvalue9,是（欄位說明僅存於新北市統計年報）,8.0
101,,,,,,,欄位未定義,0.0,,交通,新北市政府主計處,道路交通安全,2012,itemvalue10,是（欄位說明僅存於新北市統計年報）,101.0
101,,,,,,,欄位未定義,0.0,,交通,新北市政府主計處,道路交通安全,2012,itemvalue11,是（欄位說明僅存於新北市統計年報）,31.0
101,,,,,,,欄位未定義,0.0,,交通,新北市政府主計處,道路交通安全,2012,itemvalue12,是（欄位說明僅存於新北市統計年報）,28.0
101,,,,,,,欄位未定義,0.0,,交通,新北市政府主計處,道路交通安全,2012,itemvalue13,是（欄位說明僅存於新北市統計年報）,36.0
101,,,,,,,欄位未定義,0.0,,交通,新北市政府主計處,道路交通安全,2012,itemvalue14,是（欄位說明僅存於新北市統計年報）,9212.0
101,,,,,,,欄位未定義,0.0,,交通,新北市政府主計處,道路交通安全,2012,itemvalue15,是（欄位說明僅存於新北市統計年報）,738.0
101,,,,,,,欄位未定義,0.0,,交通,新北市政府主計處,領有駕駛執照數,2012,item value2,是（欄位說明僅存於新北市統計年報）,2517.945
101,,,,,,,欄位未定義,0.0,,交通,新北市政府主計處,領有駕駛執照數,2012,item value3,是（欄位說明僅存於新北市統計年報）,1532.69
101,,,,,,,欄位未定義,0.0,,交通,新北市政府主計處,領有駕駛執照數,2012,item value4,是（欄位說明僅存於新北市統計年報）,62.1617351354
101,,,,,,,欄位未定義,0.0,,交通,新北市政府主計處,領有駕駛執照數,2012,item value5,是（欄位說明僅存於新北市統計年報）,37.8382648646
101,,,,,,,欄位未定義,0.0,,交通,新北市政府主計處,領有駕駛執照數,2012,item value6,是（欄位說明僅存於新北市統計年報）,48.5769546197
101,,,,,,,欄位未定義,0.0,,交通,新北市政府主計處,領有駕駛執照數,2012,item value7,是（欄位說明僅存於新北市統計年報）,46.5547501452
101,,,,,,,欄位未定義,0.0,,交通,新北市政府主計處,領有駕駛執照數,2012,item value8,是（欄位說明僅存於新北市統計年報）,3.8476614859
101,,,,,,,欄位未定義,0.0,,交通,新北市政府主計處,領有駕駛執照數,2012,item value9,是（欄位說明僅存於新北市統計年報）,0.1451696038
101,,,,,,,欄位未定義,0.0,,交通,新北市政府主計處,領有駕駛執照數,2012,item value10,是（欄位說明僅存於新北市統計年報）,3.2070597253
101,,,,,,,欄位未定義,0.0,,交通,新北市政府主計處,領有駕駛執照數,2012,item value11,是（欄位說明僅存於新北市統計年報）,0.0694204307
101,,,,,,,欄位未定義,0.0,,交通,新北市政府主計處,領有駕駛執照數,2012,item value12,是（欄位說明僅存於新北市統計年報）,41.5222334086
101,,,,,,,欄位未定義,0.0,,交通,新北市政府主計處,領有駕駛執照數,2012,item value13,是（欄位說明僅存於新北市統計年報）,46.3401601107
101,,,,,,,欄位未定義,0.0,,交通,新北市政府主計處,領有駕駛執照數,2012,item value14,是（欄位說明僅存於新北市統計年報）,51.4230453803
101,,,,,,,欄位未定義,0.0,,交通,新北市政府主計處,領有駕駛執照數,2012,item value15,是（欄位說明僅存於新北市統計年報）,53.4452498548
101,,,,,,,欄位未定義,0.0,,交通,新北市政府主計處,領有駕駛執照數,2012,item value16,是（欄位說明僅存於新北市統計年報）,1.3379561507
101,,,,,,,欄位未定義,0.0,,交通,新北市政府主計處,領有駕駛執照數,2012,item value17,是（欄位說明僅存於新北市統計年報）,0.0656362343
101,,,,,,,欄位未定義,0.0,,交通,新北市政府主計處,領有駕駛執照數,2012,item value18,是（欄位說明僅存於新北市統計年報）,49.4174416042
101,,,,,,,欄位未定義,0.0,,交通,新北市政府主計處,領有駕駛執照數,2012,item value19,是（欄位說明僅存於新北市統計年報）,42.2803045626
101,,,,,,,欄位未定義,0.0,,交通,新北市政府主計處,領有駕駛執照數,2012,item value20,是（欄位說明僅存於新北市統計年報）,0.6676476253
101,,,,,,,欄位未定義,0.0,,交通,新北市政府主計處,領有駕駛執照數,2012,item value21,是（欄位說明僅存於新北市統計年報）,11.0993090579
101,,,,,,,欄位未定義,0.0,,人口,新北市政府主計處,人口年齡分配,2012,itemvalue2,是（欄位說明僅存於新北市統計年報）,14.8185535139
101,,,,,,,欄位未定義,0.0,,人口,新北市政府主計處,人口年齡分配,2012,itemvalue3,是（欄位說明僅存於新北市統計年報）,13.3122028526
101,,,,,,,欄位未定義,0.0,,人口,新北市政府主計處,人口年齡分配,2012,itemvalue4,是（欄位說明僅存於新北市統計年報）,76.553613544
101,,,,,,,欄位未定義,0.0,,人口,新北市政府主計處,人口年齡分配,2012,itemvalue5,是（欄位說明僅存於新北市統計年報）,77.3815199293
101,,,,,,,欄位未定義,0.0,,人口,新北市政府主計處,人口年齡分配,2012,itemvalue6,是（欄位說明僅存於新北市統計年報）,8.6278329421
101,,,,,,,欄位未定義,0.0,,人口,新北市政府主計處,人口年齡分配,2012,itemvalue7,是（欄位說明僅存於新北市統計年報）,9.3062772181
101,,,,,,,欄位未定義,0.0,,人口,新北市政府主計處,人口年齡分配,2012,itemvalue8,是（欄位說明僅存於新北市統計年報）,77.54
101,,,,,,,欄位未定義,0.0,,人口,新北市政府主計處,人口年齡分配,2012,itemvalue9,是（欄位說明僅存於新北市統計年報）,83.63
101,,,,,,,欄位未定義,0.0,,人口,新北市政府主計處,人口概況,2012,item value2,是（欄位說明僅存於新北市統計年報）,1946.607
101,,,,,,,欄位未定義,0.0,,人口,新北市政府主計處,人口概況,2012,item value3,是（欄位說明僅存於新北市統計年報）,1992.698
101,,,,,,,欄位未定義,0.0,,人口,新北市政府主計處,人口概況,2012,item value4,是（欄位說明僅存於新北市統計年報）,97.6870052562
101,,,,,,,欄位未定義,0.0,,人口,新北市政府主計處,人口概況,2012,item value5,是（欄位說明僅存於新北市統計年報）,818.917
101,,,,,,,欄位未定義,0.0,,人口,新北市政府主計處,人口概況,2012,item value6,是（欄位說明僅存於新北市統計年報）,638.081
101,,,,,,,欄位未定義,0.0,,人口,新北市政府主計處,人口概況,2012,item value7,是（欄位說明僅存於新北市統計年報）,128.3406025254
101,,,,,,,欄位未定義,0.0,,人口,新北市政府主計處,人口概況,2012,item value8,是（欄位說明僅存於新北市統計年報）,234.255
101,,,,,,,欄位未定義,0.0,,人口,新北市政府主計處,人口概況,2012,item value9,是（欄位說明僅存於新北市統計年報）,234.912
101,,,,,,,欄位未定義,0.0,,人口,新北市政府主計處,人口概況,2012,item value10,是（欄位說明僅存於新北市統計年報）,99.720320801
101,,,,,,,欄位未定義,0.0,,人口,新北市政府主計處,人口消長,2012,item value2,是（欄位說明僅存於新北市統計年報）,3.4863628209
101,,,,,,,欄位未定義,0.0,,人口,新北市政府主計處,人口消長,2012,item value3,是（欄位說明僅存於新北市統計年報）,8.140717907
101,,,,,,,欄位未定義,0.0,,人口,新北市政府主計處,人口消長,2012,item value4,是（欄位說明僅存於新北市統計年報）,21040.0
101,,,,,,,欄位未定義,0.0,,人口,新北市政府主計處,人口消長,2012,item value5,是（欄位說明僅存於新北市統計年報）,19807.0
101,,,,,,,欄位未定義,0.0,,人口,新北市政府主計處,人口消長,2012,item value6,是（欄位說明僅存於新北市統計年報）,106.2250719443
101,,,,,,,欄位未定義,0.0,,人口,新北市政府主計處,人口消長,2012,item value7,是（欄位說明僅存於新北市統計年報）,10.4
101,,,,,,,欄位未定義,0.0,,人口,新北市政府主計處,人口消長,2012,item value8,是（欄位說明僅存於新北市統計年報）,12533.0
101,,,,,,,欄位未定義,0.0,,人口,新北市政府主計處,人口消長,2012,item value9,是（欄位說明僅存於新北市統計年報）,7747.0
101,,,,,,,欄位未定義,0.0,,人口,新北市政府主計處,人口消長,2012,item value10,是（欄位說明僅存於新北市統計年報）,5.16
101,,,,,,,欄位未定義,0.0,,人口,新北市政府主計處,人口消長,2012,item value11,是（欄位說明僅存於新北市統計年報）,145338.0
101,,,,,,,欄位未定義,0.0,,人口,新北市政府主計處,人口消長,2012,item value12,是（欄位說明僅存於新北市統計年報）,172829.0
101,,,,,,,欄位未定義,0.0,,人口,新北市政府主計處,人口消長,2012,item value13,是（欄位說明僅存於新北市統計年報）,84.0935259708
101,,,,,,,欄位未定義,0.0,,人口,新北市政府主計處,人口消長,2012,item value14,是（欄位說明僅存於新北市統計年報）,147082.0
101,,,,,,,欄位未定義,0.0,,人口,新北市政府主計處,人口消長,2012,item value15,是（欄位說明僅存於新北市統計年報）,168798.0
101,,,,,,,欄位未定義,0.0,,人口,新北市政府主計處,人口消長,2012,item value16,是（欄位說明僅存於新北市統計年報）,87.1349186602
101,,,,,,,欄位未定義,0.0,,人口,新北市政府主計處,刑事案件犯罪人口率,2012,item value2,是（欄位說明僅存於新北市統計年報）,2149.3130879561
101,,,,,,,欄位未定義,0.0,,人口,新北市政府主計處,刑事案件犯罪人口率,2012,item value3,是（欄位說明僅存於新北市統計年報）,445.8211198182
101,,,,,,,欄位未定義,0.0,,人口,新北市政府主計處,刑事案件犯罪人口率,2012,item value4,是（欄位說明僅存於新北市統計年報）,63.4191530372
101,,,,,,,欄位未定義,0.0,,人口,新北市政府主計處,刑事案件犯罪人口率,2012,item value5,是（欄位說明僅存於新北市統計年報）,16.3492598244
101,,,,,,,欄位未定義,0.0,,人口,新北市政府主計處,刑事案件犯罪人口率,2012,item value6,是（欄位說明僅存於新北市統計年報）,1732.5209156308
101,,,,,,,欄位未定義,0.0,,人口,新北市政府主計處,刑事案件犯罪人口率,2012,item value7,是（欄位說明僅存於新北市統計年報）,327.9924073247
101,,,,,,,欄位未定義,0.0,,人口,新北市政府主計處,刑事案件犯罪人口率,2012,item value8,是（欄位說明僅存於新北市統計年報）,2596.5008922782
101,,,,,,,欄位未定義,0.0,,人口,新北市政府主計處,刑事案件犯罪人口率,2012,item value9,是（欄位說明僅存於新北市統計年報）,582.7199439187
101,,,,,,,欄位未定義,0.0,,人口,新北市政府主計處,刑事案件犯罪人口率,2012,item value10,是（欄位說明僅存於新北市統計年報）,2469.4810332657
101,,,,,,,欄位未定義,0.0,,人口,新北市政府主計處,刑事案件犯罪人口率,2012,item value11,是（欄位說明僅存於新北市統計年報）,501.0324417492
101,,,,,,,欄位未定義,0.0,,人口,新北市政府主計處,吸菸人口,2012,itemvalue2,是（欄位說明僅存於新北市統計年報）,11.6
101,,,,,,,欄位未定義,0.0,,人口,新北市政府主計處,吸菸人口,2012,itemvalue3,是（欄位說明僅存於新北市統計年報）,4.8
101,,,,,,,欄位未定義,0.0,,人口,新北市政府主計處,吸菸人口,2012,itemvalue4,是（欄位說明僅存於新北市統計年報）,23.1
101,,,,,,,欄位未定義,0.0,,人口,新北市政府主計處,吸菸人口,2012,itemvalue5,是（欄位說明僅存於新北市統計年報）,7.5
101,,,,,,,欄位未定義,0.0,,人口,新北市政府主計處,吸菸人口,2012,itemvalue6,是（欄位說明僅存於新北市統計年報）,32.1
101,,,,,,,欄位未定義,0.0,,人口,新北市政府主計處,吸菸人口,2012,itemvalue7,是（欄位說明僅存於新北市統計年報）,7.379
101,,,,,,,欄位未定義,0.0,,人口,新北市政府主計處,新住民人口,2012 |  計,itemvalue3,是（欄位說明僅存於新北市統計年報）,90995.0
101,,,,,,,欄位未定義,0.0,,人口,新北市政府主計處,新住民人口,2012 |  男,itemvalue3,是（欄位說明僅存於新北市統計年報）,8752.0
101,,,,,,,欄位未定義,0.0,,人口,新北市政府主計處,新住民人口,2012 |  女,itemvalue3,是（欄位說明僅存於新北市統計年報）,82243.0
101,,,,,,,欄位未定義,0.0,,人口,新北市政府主計處,新住民人口,2012 |  計,itemvalue4,是（欄位說明僅存於新北市統計年報）,64842.0
101,,,,,,,欄位未定義,0.0,,人口,新北市政府主計處,新住民人口,2012 |  男,itemvalue4,是（欄位說明僅存於新北市統計年報）,5712.0
101,,,,,,,欄位未定義,0.0,,人口,新北市政府主計處,新住民人口,2012 |  女,itemvalue4,是（欄位說明僅存於新北市統計年報）,59130.0
101,,,,,,,欄位未定義,0.0,,人口,新北市政府主計處,新住民人口,2012 |  計,itemvalue5,是（欄位說明僅存於新北市統計年報）,60171.0
101,,,,,,,欄位未定義,0.0,,人口,新北市政府主計處,新住民人口,2012 |  男,itemvalue5,是（欄位說明僅存於新北市統計年報）,3469.0
101,,,,,,,欄位未定義,0.0,,人口,新北市政府主計處,新住民人口,2012 |  女,itemvalue5,是（欄位說明僅存於新北市統計年報）,56702.0
101,,,,,,,欄位未定義,0.0,,人口,新北市政府主計處,新住民人口,2012 |  計,itemvalue6,是（欄位說明僅存於新北市統計年報）,4671.0
101,,,,,,,欄位未定義,0.0,,人口,新北市政府主計處,新住民人口,2012 |  男,itemvalue6,是（欄位說明僅存於新北市統計年報）,2243.0
101,,,,,,,欄位未定義,0.0,,人口,新北市政府主計處,新住民人口,2012 |  女,itemvalue6,是（欄位說明僅存於新北市統計年報）,2428.0
101,,,,,,,欄位未定義,0.0,,人口,新北市政府主計處,新住民人口,2012 |  計,itemvalue7,是（欄位說明僅存於新北市統計年報）,26153.0
101,,,,,,,欄位未定義,0.0,,人口,新北市政府主計處,新住民人口,2012 |  男,itemvalue7,是（欄位說明僅存於新北市統計年報）,3040.0
101,,,,,,,欄位未定義,0.0,,人口,新北市政府主計處,新住民人口,2012 |  女,itemvalue7,是（欄位說明僅存於新北市統計年報）,23113.0
101,,,,,,,欄位未定義,0.0,,人口,新北市政府主計處,新住民人口,2012 |  計,itemvalue8,是（欄位說明僅存於新北市統計年報）,14902.0
101,,,,,,,欄位未定義,0.0,,人口,新北市政府主計處,新住民人口,2012 |  男,itemvalue8,是（欄位說明僅存於新北市統計年報）,88.0
101,,,,,,,欄位未定義,0.0,,人口,新北市政府主計處,新住民人口,2012 |  女,itemvalue8,是（欄位說明僅存於新北市統計年報）,14814.0
101,,,,,,,欄位未定義,0.0,,人口,新北市政府主計處,新住民人口,2012 |  計,itemvalue9,是（欄位說明僅存於新北市統計年報）,3306.0
101,,,,,,,欄位未定義,0.0,,人口,新北市政府主計處,新住民人口,2012 |  男,itemvalue9,是（欄位說明僅存於新北市統計年報）,96.0
101,,,,,,,欄位未定義,0.0,,人口,新北市政府主計處,新住民人口,2012 |  女,itemvalue9,是（欄位說明僅存於新北市統計年報）,3210.0
101,,,,,,,欄位未定義,0.0,,人口,新北市政府主計處,新住民人口,2012 |  計,itemvalue10,是（欄位說明僅存於新北市統計年報）,1579.0
101,,,,,,,欄位未定義,0.0,,人口,新北市政府主計處,新住民人口,2012 |  男,itemvalue10,是（欄位說明僅存於新北市統計年報）,448.0
101,,,,,,,欄位未定義,0.0,,人口,新北市政府主計處,新住民人口,2012 |  女,itemvalue10,是（欄位說明僅存於新北市統計年報）,1131.0
101,,,,,,,欄位未定義,0.0,,人口,新北市政府主計處,新住民人口,2012 |  計,itemvalue11,是（欄位說明僅存於新北市統計年報）,1281.0
101,,,,,,,欄位未定義,0.0,,人口,新北市政府主計處,新住民人口,2012 |  男,itemvalue11,是（欄位說明僅存於新北市統計年報）,124.0
101,,,,,,,欄位未定義,0.0,,人口,新北市政府主計處,新住民人口,2012 |  女,itemvalue11,是（欄位說明僅存於新北市統計年報）,1157.0
101,,,,,,,欄位未定義,0.0,,人口,新北市政府主計處,新住民人口,2012 |  計,itemvalue12,是（欄位說明僅存於新北市統計年報）,435.0
101,,,,,,,欄位未定義,0.0,,人口,新北市政府主計處,新住民人口,2012 |  男,itemvalue12,是（欄位說明僅存於新北市統計年報）,0.0
101,,,,,,,欄位未定義,0.0,,人口,新北市政府主計處,新住民人口,2012 |  女,itemvalue12,是（欄位說明僅存於新北市統計年報）,435.0
101,,,,,,,欄位未定義,0.0,,人口,新北市政府主計處,新住民人口,2012 |  計,itemvalue13,是（欄位說明僅存於新北市統計年報）,732.0
101,,,,,,,欄位未定義,0.0,,人口,新北市政府主計處,新住民人口,2012 |  男,itemvalue13,是（欄位說明僅存於新北市統計年報）,354.0
101,,,,,,,欄位未定義,0.0,,人口,新北市政府主計處,新住民人口,2012 |  女,itemvalue13,是（欄位說明僅存於新北市統計年報）,378.0
101,,,,,,,欄位未定義,0.0,,人口,新北市政府主計處,新住民人口,2012 |  計,itemvalue14,是（欄位說明僅存於新北市統計年報）,281.0
101,,,,,,,欄位未定義,0.0,,人口,新北市政府主計處,新住民人口,2012 |  男,itemvalue14,是（欄位說明僅存於新北市統計年報）,75.0
101,,,,,,,欄位未定義,0.0,,人口,新北市政府主計處,新住民人口,2012 |  女,itemvalue14,是（欄位說明僅存於新北市統計年報）,206.0
101,,,,,,,欄位未定義,0.0,,人口,新北市政府主計處,新住民人口,2012 |  計,itemvalue15,是（欄位說明僅存於新北市統計年報）,3637.0
101,,,,,,,欄位未定義,0.0,,人口,新北市政府主計處,新住民人口,2012 |  男,itemvalue15,是（欄位說明僅存於新北市統計年報）,1855.0
101,,,,,,,欄位未定義,0.0,,人口,新北市政府主計處,新住民人口,2012 |  女,itemvalue15,是（欄位說明僅存於新北市統計年報）,1782.0
101,,,,,,,欄位未定義,0.0,,人口,新北市政府主計處,新住民概況,2012,itemvalue2,是（欄位說明僅存於新北市統計年報）,8752.0
101,,,,,,,欄位未定義,0.0,,人口,新北市政府主計處,新住民概況,2012,itemvalue3,是（欄位說明僅存於新北市統計年報）,82243.0
101,,,,,,,欄位未定義,0.0,,人口,新北市政府主計處,新住民概況,2012,itemvalue4,是（欄位說明僅存於新北市統計年報）,5712.0
101,,,,,,,欄位未定義,0.0,,人口,新北市政府主計處,新住民概況,2012,itemvalue5,是（欄位說明僅存於新北市統計年報）,59130.0
101,,,,,,,欄位未定義,0.0,,人口,新北市政府主計處,新住民概況,2012,itemvalue6,是（欄位說明僅存於新北市統計年報）,9.6600710299
101,,,,,,,欄位未定義,0.0,,人口,新北市政府主計處,新住民概況,2012,itemvalue7,是（欄位說明僅存於新北市統計年報）,756.0
101,,,,,,,欄位未定義,0.0,,人口,新北市政府主計處,新住民概況,2012,itemvalue8,是（欄位說明僅存於新北市統計年報）,20747.0
101,,,,,,,欄位未定義,0.0,,人口,新北市政府主計處,新住民概況,2012,itemvalue9,是（欄位說明僅存於新北市統計年報）,3.6439003229
101,,,,,,,欄位未定義,0.0,,人口,新北市政府主計處,新住民概況,2012,itemvalue10,是（欄位說明僅存於新北市統計年報）,2284.0
101,,,,,,,欄位未定義,0.0,,人口,新北市政府主計處,新住民概況,2012,itemvalue11,是（欄位說明僅存於新北市統計年報）,2366.0
101,,,,,,,欄位未定義,0.0,,人口,新北市政府主計處,新住民概況,2012,itemvalue12,是（欄位說明僅存於新北市統計年報）,96.5342349958
101,,,,,,,欄位未定義,0.0,,人口,新北市政府水利局,新北市污水下水道用戶接管普及率,101,sewage_treatment_connection_rates_new_system,是（欄位說明僅存於新北市統計年報）,33.43
101,,,,,,,欄位未定義,0.0,,健康,新北市政府主計處,自殺通報人數(99年以後) ,2012,itemvalue2,是（欄位說明僅存於新北市統計年報）,1898.0
101,,,,,,,欄位未定義,0.0,,健康,新北市政府主計處,自殺通報人數(99年以後) ,2012,itemvalue3,是（欄位說明僅存於新北市統計年報）,3472.0
101,,,,,,,欄位未定義,0.0,,健康,新北市政府主計處,自殺通報人數(99年以後) ,2012,itemvalue4,是（欄位說明僅存於新北市統計年報）,0.0
101,,,,,,,欄位未定義,0.0,,健康,新北市政府主計處,自殺通報人數(99年以後) ,2012,itemvalue5,是（欄位說明僅存於新北市統計年報）,1.0
101,,,,,,,欄位未定義,0.0,,健康,新北市政府主計處,自殺通報人數(99年以後) ,2012,itemvalue6,是（欄位說明僅存於新北市統計年報）,21.0
101,,,,,,,欄位未定義,0.0,,健康,新北市政府主計處,自殺通報人數(99年以後) ,2012,itemvalue7,是（欄位說明僅存於新北市統計年報）,49.0
101,,,,,,,欄位未定義,0.0,,健康,新北市政府主計處,自殺通報人數(99年以後) ,2012,itemvalue8,是（欄位說明僅存於新北市統計年報）,108.0
101,,,,,,,欄位未定義,0.0,,健康,新北市政府主計處,自殺通報人數(99年以後) ,2012,itemvalue9,是（欄位說明僅存於新北市統計年報）,174.0
101,,,,,,,欄位未定義,0.0,,健康,新北市政府主計處,自殺通報人數(99年以後) ,2012,itemvalue10,是（欄位說明僅存於新北市統計年報）,387.0
101,,,,,,,欄位未定義,0.0,,健康,新北市政府主計處,自殺通報人數(99年以後) ,2012,itemvalue11,是（欄位說明僅存於新北市統計年報）,747.0
101,,,,,,,欄位未定義,0.0,,健康,新北市政府主計處,自殺通報人數(99年以後) ,2012,itemvalue12,是（欄位說明僅存於新北市統計年報）,430.0
101,,,,,,,欄位未定義,0.0,,健康,新北市政府主計處,自殺通報人數(99年以後) ,2012,itemvalue13,是（欄位說明僅存於新北市統計年報）,1039.0
101,,,,,,,欄位未定義,0.0,,健康,新北市政府主計處,自殺通報人數(99年以後) ,2012,itemvalue14,是（欄位說明僅存於新北市統計年報）,397.0
101,,,,,,,欄位未定義,0.0,,健康,新北市政府主計處,自殺通報人數(99年以後) ,2012,itemvalue15,是（欄位說明僅存於新北市統計年報）,777.0
101,,,,,,,欄位未定義,0.0,,健康,新北市政府主計處,自殺通報人數(99年以後) ,2012,itemvalue16,是（欄位說明僅存於新北市統計年報）,248.0
101,,,,,,,欄位未定義,0.0,,健康,新北市政府主計處,自殺通報人數(99年以後) ,2012,itemvalue17,是（欄位說明僅存於新北市統計年報）,383.0
101,,,,,,,欄位未定義,0.0,,健康,新北市政府主計處,自殺通報人數(99年以後) ,2012,itemvalue18,是（欄位說明僅存於新北市統計年報）,307.0
101,,,,,,,欄位未定義,0.0,,健康,新北市政府主計處,自殺通報人數(99年以後) ,2012,itemvalue19,是（欄位說明僅存於新北市統計年報）,302.0
101,,,,,,,欄位未定義,0.0,,健康,新北市政府主計處,醫療服務,2012,itemvalue2,是（欄位說明僅存於新北市統計年報）,77.54
101,,,,,,,欄位未定義,0.0,,健康,新北市政府主計處,醫療服務,2012,itemvalue3,是（欄位說明僅存於新北市統計年報）,83.63
101,,,,,,,欄位未定義,0.0,,健康,新北市政府主計處,醫療服務,2012,itemvalue4,是（欄位說明僅存於新北市統計年報）,88600.731104033
101,,,,,,,欄位未定義,0.0,,健康,新北市政府主計處,醫療服務,2012,itemvalue5,是（欄位說明僅存於新北市統計年報）,93941.130752109
101,,,,,,,欄位未定義,0.0,,健康,新北市政府主計處,醫療服務,2012,itemvalue6,是（欄位說明僅存於新北市統計年報）,2280.262
101,,,,,,,欄位未定義,0.0,,健康,新北市政府主計處,醫療服務,2012,itemvalue7,是（欄位說明僅存於新北市統計年報）,2080257.3271
101,,,,,,,欄位未定義,0.0,,健康,新北市政府主計處,醫療服務,2012,itemvalue8,是（欄位說明僅存於新北市統計年報）,2895.3764
101,,,,,,,欄位未定義,0.0,,健康,新北市政府主計處,醫療服務,2012,itemvalue9,是（欄位說明僅存於新北市統計年報）,2279544.2591
101,,,,,,,欄位未定義,0.0,,健康,新北市政府主計處,醫療服務,2012,itemvalue10,是（欄位說明僅存於新北市統計年報）,12.2264
101,,,,,,,欄位未定義,0.0,,健康,新北市政府主計處,醫療服務,2012,itemvalue11,是（欄位說明僅存於新北市統計年報）,687282.4679
101,,,,,,,欄位未定義,0.0,,健康,新北市政府主計處,醫療服務,2012,itemvalue12,是（欄位說明僅存於新北市統計年報）,13.5529
101,,,,,,,欄位未定義,0.0,,健康,新北市政府主計處,醫療服務,2012,itemvalue13,是（欄位說明僅存於新北市統計年報）,633253.0365
101,,,,,,,欄位未定義,0.0,,婚育,新北市政府主計處,失業率－婚姻狀況別,2012,item value2,是（欄位說明僅存於新北市統計年報）,8.3
101,,,,,,,欄位未定義,0.0,,婚育,新北市政府主計處,失業率－婚姻狀況別,2012,item value3,是（欄位說明僅存於新北市統計年報）,6.9
101,,,,,,,欄位未定義,0.0,,婚育,新北市政府主計處,失業率－婚姻狀況別,2012,item value4,是（欄位說明僅存於新北市統計年報）,2.5
101,,,,,,,欄位未定義,0.0,,婚育,新北市政府主計處,失業率－婚姻狀況別,2012,item value5,是（欄位說明僅存於新北市統計年報）,1.3
101,,,,,,,欄位未定義,0.0,,婚育,新北市政府主計處,失業率－婚姻狀況別,2012,item value6,是（欄位說明僅存於新北市統計年報）,5.1
101,,,,,,,欄位未定義,0.0,,婚育,新北市政府主計處,失業率－婚姻狀況別,2012,item value7,是（欄位說明僅存於新北市統計年報）,1.8
101,,,,,,,欄位未定義,0.0,,婚育,新北市政府主計處,婚姻狀況,2012,itemvalue2,是（欄位說明僅存於新北市統計年報）,1658148.0
101,,,,,,,欄位未定義,0.0,,婚育,新北市政府主計處,婚姻狀況,2012,itemvalue3,是（欄位說明僅存於新北市統計年報）,1727426.0
101,,,,,,,欄位未定義,0.0,,婚育,新北市政府主計處,婚姻狀況,2012,itemvalue4,是（欄位說明僅存於新北市統計年報）,668667.0
101,,,,,,,欄位未定義,0.0,,婚育,新北市政府主計處,婚姻狀況,2012,itemvalue5,是（欄位說明僅存於新北市統計年報）,578279.0
101,,,,,,,欄位未定義,0.0,,婚育,新北市政府主計處,婚姻狀況,2012,itemvalue6,是（欄位說明僅存於新北市統計年報）,837086.0
101,,,,,,,欄位未定義,0.0,,婚育,新北市政府主計處,婚姻狀況,2012,itemvalue7,是（欄位說明僅存於新北市統計年報）,857416.0
101,,,,,,,欄位未定義,0.0,,婚育,新北市政府主計處,婚姻狀況,2012,itemvalue8,是（欄位說明僅存於新北市統計年報）,0.0
101,,,,,,,欄位未定義,0.0,,婚育,新北市政府主計處,婚姻狀況,2012,itemvalue9,是（欄位說明僅存於新北市統計年報）,0.0
101,,,,,,,欄位未定義,0.0,,婚育,新北市政府主計處,婚姻狀況,2012,itemvalue10,是（欄位說明僅存於新北市統計年報）,28466.0
101,,,,,,,欄位未定義,0.0,,婚育,新北市政府主計處,婚姻狀況,2012,itemvalue11,是（欄位說明僅存於新北市統計年報）,140035.0
101,,,,,,,欄位未定義,0.0,,婚育,新北市政府主計處,婚姻狀況,2012,itemvalue12,是（欄位說明僅存於新北市統計年報）,0.0
101,,,,,,,欄位未定義,0.0,,婚育,新北市政府主計處,婚姻狀況,2012,itemvalue13,是（欄位說明僅存於新北市統計年報）,0.0
101,,,,,,,欄位未定義,0.0,,婚育,新北市政府主計處,婚姻狀況,2012,itemvalue14,是（欄位說明僅存於新北市統計年報）,123929.0
101,,,,,,,欄位未定義,0.0,,婚育,新北市政府主計處,婚姻狀況,2012,itemvalue15,是（欄位說明僅存於新北市統計年報）,151696.0
101,,,,,,,欄位未定義,0.0,,婚育,新北市政府主計處,婚姻狀況,2012,itemvalue16,是（欄位說明僅存於新北市統計年報）,0.0
101,,,,,,,欄位未定義,0.0,,婚育,新北市政府主計處,婚姻狀況,2012,itemvalue17,是（欄位說明僅存於新北市統計年報）,0.0
101,,,,,,,欄位未定義,0.0,,婚育,新北市政府主計處,婚姻狀況—喪偶年齡結構,2012,itemvalue2,是（欄位說明僅存於新北市統計年報）,0.0
101,,,,,,,欄位未定義,0.0,,婚育,新北市政府主計處,婚姻狀況—喪偶年齡結構,2012,itemvalue3,是（欄位說明僅存於新北市統計年報）,0.0
101,,,,,,,欄位未定義,0.0,,婚育,新北市政府主計處,婚姻狀況—喪偶年齡結構,2012,itemvalue4,是（欄位說明僅存於新北市統計年報）,0.0070259257
101,,,,,,,欄位未定義,0.0,,婚育,新北市政府主計處,婚姻狀況—喪偶年齡結構,2012,itemvalue5,是（欄位說明僅存於新北市統計年報）,0.0107116078
101,,,,,,,欄位未定義,0.0,,婚育,新北市政府主計處,婚姻狀況—喪偶年齡結構,2012,itemvalue6,是（欄位說明僅存於新北市統計年報）,0.0281037027
101,,,,,,,欄位未定義,0.0,,婚育,新北市政府主計處,婚姻狀況—喪偶年齡結構,2012,itemvalue7,是（欄位說明僅存於新北市統計年報）,0.0928339344
101,,,,,,,欄位未定義,0.0,,婚育,新北市政府主計處,婚姻狀況—喪偶年齡結構,2012,itemvalue8,是（欄位說明僅存於新北市統計年報）,0.2283425841
101,,,,,,,欄位未定義,0.0,,婚育,新北市政府主計處,婚姻狀況—喪偶年齡結構,2012,itemvalue9,是（欄位說明僅存於新北市統計年報）,0.4598850287
101,,,,,,,欄位未定義,0.0,,婚育,新北市政府主計處,婚姻狀況—喪偶年齡結構,2012,itemvalue10,是（欄位說明僅存於新北市統計年報）,0.7025925666
101,,,,,,,欄位未定義,0.0,,婚育,新北市政府主計處,婚姻狀況—喪偶年齡結構,2012,itemvalue11,是（欄位說明僅存於新北市統計年報）,0.8747813047
101,,,,,,,欄位未定義,0.0,,婚育,新北市政府主計處,婚姻狀況—喪偶年齡結構,2012,itemvalue12,是（欄位說明僅存於新北市統計年報）,99.033935221
101,,,,,,,欄位未定義,0.0,,婚育,新北市政府主計處,婚姻狀況—喪偶年齡結構,2012,itemvalue13,是（欄位說明僅存於新北市統計年報）,98.5617881244
101,,,,,,,欄位未定義,0.0,,婚育,新北市政府主計處,婚姻狀況—有偶年齡結構,2012,itemvalue2,是（欄位說明僅存於新北市統計年報）,0.0084818047
101,,,,,,,欄位未定義,0.0,,婚育,新北市政府主計處,婚姻狀況—有偶年齡結構,2012,itemvalue3,是（欄位說明僅存於新北市統計年報）,0.0444358398
101,,,,,,,欄位未定義,0.0,,婚育,新北市政府主計處,婚姻狀況—有偶年齡結構,2012,itemvalue4,是（欄位說明僅存於新北市統計年報）,0.232353665
101,,,,,,,欄位未定義,0.0,,婚育,新北市政府主計處,婚姻狀況—有偶年齡結構,2012,itemvalue5,是（欄位說明僅存於新北市統計年報）,0.5695018521
101,,,,,,,欄位未定義,0.0,,婚育,新北市政府主計處,婚姻狀況—有偶年齡結構,2012,itemvalue6,是（欄位說明僅存於新北市統計年報）,1.9361212587
101,,,,,,,欄位未定義,0.0,,婚育,新北市政府主計處,婚姻狀況—有偶年齡結構,2012,itemvalue7,是（欄位說明僅存於新北市統計年報）,3.7407746065
101,,,,,,,欄位未定義,0.0,,婚育,新北市政府主計處,婚姻狀況—有偶年齡結構,2012,itemvalue8,是（欄位說明僅存於新北市統計年報）,7.7392287053
101,,,,,,,欄位未定義,0.0,,婚育,新北市政府主計處,婚姻狀況—有偶年齡結構,2012,itemvalue9,是（欄位說明僅存於新北市統計年報）,10.6988906202
101,,,,,,,欄位未定義,0.0,,婚育,新北市政府主計處,婚姻狀況—有偶年齡結構,2012,itemvalue10,是（欄位說明僅存於新北市統計年報）,11.2552354238
101,,,,,,,欄位未定義,0.0,,婚育,新北市政府主計處,婚姻狀況—有偶年齡結構,2012,itemvalue11,是（欄位說明僅存於新北市統計年報）,12.4659441858
101,,,,,,,欄位未定義,0.0,,婚育,新北市政府主計處,婚姻狀況—有偶年齡結構,2012,itemvalue12,是（欄位說明僅存於新北市統計年報）,78.8285791424
101,,,,,,,欄位未定義,0.0,,婚育,新北市政府主計處,婚姻狀況—有偶年齡結構,2012,itemvalue13,是（欄位說明僅存於新北市統計年報）,72.4804528957
101,,,,,,,欄位未定義,0.0,,婚育,新北市政府主計處,婚姻狀況—未婚年齡結構,2012,percent2,是（欄位說明僅存於新北市統計年報）,20.7642967277
101,,,,,,,欄位未定義,0.0,,婚育,新北市政府主計處,婚姻狀況—未婚年齡結構,2012,percent3,是（欄位說明僅存於新北市統計年報）,22.2242204887
101,,,,,,,欄位未定義,0.0,,婚育,新北市政府主計處,婚姻狀況—未婚年齡結構,2012,percent4,是（欄位說明僅存於新北市統計年報）,21.6266093586
101,,,,,,,欄位未定義,0.0,,婚育,新北市政府主計處,婚姻狀況—未婚年齡結構,2012,percent5,是（欄位說明僅存於新北市統計年報）,22.352878109
101,,,,,,,欄位未定義,0.0,,婚育,新北市政府主計處,婚姻狀況—未婚年齡結構,2012,percent6,是（欄位說明僅存於新北市統計年報）,19.8411167293
101,,,,,,,欄位未定義,0.0,,婚育,新北市政府主計處,婚姻狀況—未婚年齡結構,2012,percent7,是（欄位說明僅存於新北市統計年報）,19.1673915186
101,,,,,,,欄位未定義,0.0,,婚育,新北市政府主計處,婚姻狀況—未婚年齡結構,2012,percent8,是（欄位說明僅存於新北市統計年報）,16.4190845368
101,,,,,,,欄位未定義,0.0,,婚育,新北市政府主計處,婚姻狀況—未婚年齡結構,2012,percent9,是（欄位說明僅存於新北市統計年報）,13.7608317093
101,,,,,,,欄位未定義,0.0,,婚育,新北市政府主計處,婚姻狀況—未婚年齡結構,2012,percent10,是（欄位說明僅存於新北市統計年報）,8.3819001087
101,,,,,,,欄位未定義,0.0,,婚育,新北市政府主計處,婚姻狀況—未婚年齡結構,2012,percent11,是（欄位說明僅存於新北市統計年報）,7.4427741626
101,,,,,,,欄位未定義,0.0,,婚育,新北市政府主計處,婚姻狀況—未婚年齡結構,2012,percent12,是（欄位說明僅存於新北市統計年報）,12.9669925389
101,,,,,,,欄位未定義,0.0,,婚育,新北市政府主計處,婚姻狀況—未婚年齡結構,2012,percent13,是（欄位說明僅存於新北市統計年報）,15.0519040117
101,,,,,,,欄位未定義,0.0,,婚育,新北市政府主計處,婚姻狀況—離婚年齡結構,2012,percent2,是（欄位說明僅存於新北市統計年報）,0.0072622227
101,,,,,,,欄位未定義,0.0,,婚育,新北市政府主計處,婚姻狀況—離婚年齡結構,2012,percent3,是（欄位說明僅存於新北市統計年報）,0.0237316739
101,,,,,,,欄位未定義,0.0,,婚育,新北市政府主計處,婚姻狀況—離婚年齡結構,2012,percent4,是（欄位說明僅存於新北市統計年報）,0.2743506363
101,,,,,,,欄位未定義,0.0,,婚育,新北市政府主計處,婚姻狀況—離婚年齡結構,2012,percent5,是（欄位說明僅存於新北市統計年報）,0.5642864677
101,,,,,,,欄位未定義,0.0,,婚育,新北市政府主計處,婚姻狀況—離婚年齡結構,2012,percent6,是（欄位說明僅存於新北市統計年報）,1.483107263
101,,,,,,,欄位未定義,0.0,,婚育,新北市政府主計處,婚姻狀況—離婚年齡結構,2012,percent7,是（欄位說明僅存於新北市統計年報）,2.9011971311
101,,,,,,,欄位未定義,0.0,,婚育,新北市政府主計處,婚姻狀況—離婚年齡結構,2012,percent8,是（欄位說明僅存於新北市統計年報）,6.1486819066
101,,,,,,,欄位未定義,0.0,,婚育,新北市政府主計處,婚姻狀況—離婚年齡結構,2012,percent9,是（欄位說明僅存於新北市統計年報）,8.5229669866
101,,,,,,,欄位未定義,0.0,,婚育,新北市政府主計處,婚姻狀況—離婚年齡結構,2012,percent10,是（欄位說明僅存於新北市統計年報）,11.448490668
101,,,,,,,欄位未定義,0.0,,婚育,新北市政府主計處,婚姻狀況—離婚年齡結構,2012,percent11,是（欄位說明僅存於新北市統計年報）,12.3681573674
101,,,,,,,欄位未定義,0.0,,婚育,新北市政府主計處,婚姻狀況—離婚年齡結構,2012,percent12,是（欄位說明僅存於新北市統計年報）,80.6381073034
101,,,,,,,欄位未定義,0.0,,婚育,新北市政府主計處,婚姻狀況—離婚年齡結構,2012,percent13,是（欄位說明僅存於新北市統計年報）,75.6196603734
101,,,,,,,欄位未定義,0.0,,婚育,新北市政府主計處,嬰兒出生情形,2012,item value2,是（欄位說明僅存於新北市統計年報）,96.397338403
101,,,,,,,欄位未定義,0.0,,婚育,新北市政府主計處,嬰兒出生情形,2012,item value3,是（欄位說明僅存於新北市統計年報）,96.521431817
101,,,,,,,欄位未定義,0.0,,婚育,新北市政府主計處,嬰兒出生情形,2012,item value4,是（欄位說明僅存於新北市統計年報）,3.5884030418
101,,,,,,,欄位未定義,0.0,,婚育,新北市政府主計處,嬰兒出生情形,2012,item value5,是（欄位說明僅存於新北市統計年報）,3.478568183
101,,,,,,,欄位未定義,0.0,,婚育,新北市政府主計處,嬰兒出生情形,2012,item value6,是（欄位說明僅存於新北市統計年報）,0.0142585551
101,,,,,,,欄位未定義,0.0,,婚育,新北市政府主計處,嬰兒出生情形,2012,item value7,是（欄位說明僅存於新北市統計年報）,0.0
101,,,,,,,欄位未定義,0.0,,婚育,新北市政府主計處,嬰兒出生情形,2012,item value8,是（欄位說明僅存於新北市統計年報）,96.7918250951
101,,,,,,,欄位未定義,0.0,,婚育,新北市政府主計處,嬰兒出生情形,2012,item value9,是（欄位說明僅存於新北市統計年報）,96.723380623
101,,,,,,,欄位未定義,0.0,,婚育,新北市政府主計處,嬰兒出生情形,2012,item value10,是（欄位說明僅存於新北市統計年報）,3.1558935361
101,,,,,,,欄位未定義,0.0,,婚育,新北市政府主計處,嬰兒出生情形,2012,item value11,是（欄位說明僅存於新北市統計年報）,3.2412783359
101,,,,,,,欄位未定義,0.0,,婚育,新北市政府主計處,嬰兒出生情形,2012,item value12,是（欄位說明僅存於新北市統計年報）,0.0522813688
101,,,,,,,欄位未定義,0.0,,婚育,新北市政府主計處,嬰兒出生情形,2012,item value13,是（欄位說明僅存於新北市統計年報）,0.035341041
101,,,,,,,欄位未定義,0.0,,婚育,新北市政府主計處,嬰兒生母生育胎次及年齡,2012,item value2,是（欄位說明僅存於新北市統計年報）,56.7654907337
101,,,,,,,欄位未定義,0.0,,婚育,新北市政府主計處,嬰兒生母生育胎次及年齡,2012,item value3,是（欄位說明僅存於新北市統計年報）,1.0086420055
101,,,,,,,欄位未定義,0.0,,婚育,新北市政府主計處,嬰兒生母生育胎次及年齡,2012,item value4,是（欄位說明僅存於新北市統計年報）,5.354126374
101,,,,,,,欄位未定義,0.0,,婚育,新北市政府主計處,嬰兒生母生育胎次及年齡,2012,item value5,是（欄位說明僅存於新北市統計年報）,17.8617768747
101,,,,,,,欄位未定義,0.0,,婚育,新北市政府主計處,嬰兒生母生育胎次及年齡,2012,item value6,是（欄位說明僅存於新北市統計年報）,24.0972409234
101,,,,,,,欄位未定義,0.0,,婚育,新北市政府主計處,嬰兒生母生育胎次及年齡,2012,item value7,是（欄位說明僅存於新北市統計年報）,7.5452297598
101,,,,,,,欄位未定義,0.0,,婚育,新北市政府主計處,嬰兒生母生育胎次及年齡,2012,item value8,是（欄位說明僅存於新北市統計年報）,0.8642005533
101,,,,,,,欄位未定義,0.0,,婚育,新北市政府主計處,嬰兒生母生育胎次及年齡,2012,item value9,是（欄位說明僅存於新北市統計年報）,0.0342742429
101,,,,,,,欄位未定義,0.0,,婚育,新北市政府主計處,嬰兒生母生育胎次及年齡,2012,item value10,是（欄位說明僅存於新北市統計年報）,35.1262026587
101,,,,,,,欄位未定義,0.0,,婚育,新北市政府主計處,嬰兒生母生育胎次及年齡,2012,item value11,是（欄位說明僅存於新北市統計年報）,6.7446813719
101,,,,,,,欄位未定義,0.0,,婚育,新北市政府主計處,嬰兒生母生育胎次及年齡,2012,item value12,是（欄位說明僅存於新北市統計年報）,1.3636252356
101,,,,,,,欄位未定義,0.0,,婚育,新北市政府主計處,嬰兒生母生育胎次及年齡,2012,item value13,是（欄位說明僅存於新北市統計年報）,30.6
101,,,,,,,欄位未定義,0.0,,婚育,新北市政府主計處,年齡別生育率,2012,item value2,是（欄位說明僅存於新北市統計年報）,0.5660931689
101,,,,,,,欄位未定義,0.0,,婚育,新北市政府主計處,年齡別生育率,2012,item value3,是（欄位說明僅存於新北市統計年報）,3.458494201
101,,,,,,,欄位未定義,0.0,,婚育,新北市政府主計處,年齡別生育率,2012,item value4,是（欄位說明僅存於新北市統計年報）,7.1265649205
101,,,,,,,欄位未定義,0.0,,婚育,新北市政府主計處,年齡別生育率,2012,item value5,是（欄位說明僅存於新北市統計年報）,22.1238609993
101,,,,,,,欄位未定義,0.0,,婚育,新北市政府主計處,年齡別生育率,2012,item value6,是（欄位說明僅存於新北市統計年報）,42.5449585482
101,,,,,,,欄位未定義,0.0,,婚育,新北市政府主計處,年齡別生育率,2012,item value7,是（欄位說明僅存於新北市統計年報）,71.7668368187
101,,,,,,,欄位未定義,0.0,,婚育,新北市政府主計處,年齡別生育率,2012,item value8,是（欄位說明僅存於新北市統計年報）,92.5803828487
101,,,,,,,欄位未定義,0.0,,婚育,新北市政府主計處,年齡別生育率,2012,item value9,是（欄位說明僅存於新北市統計年報）,98.2014564028
101,,,,,,,欄位未定義,0.0,,婚育,新北市政府主計處,年齡別生育率,2012,item value10,是（欄位說明僅存於新北市統計年報）,70.1672947601
101,,,,,,,欄位未定義,0.0,,婚育,新北市政府主計處,年齡別生育率,2012,item value11,是（欄位說明僅存於新北市統計年報）,44.0301856734
101,,,,,,,欄位未定義,0.0,,婚育,新北市政府主計處,年齡別生育率,2012,item value12,是（欄位說明僅存於新北市統計年報）,23.7281461902
101,,,,,,,欄位未定義,0.0,,婚育,新北市政府主計處,年齡別生育率,2012,item value13,是（欄位說明僅存於新北市統計年報）,5.9457977381
101,,,,,,,欄位未定義,0.0,,婚育,新北市政府主計處,年齡別生育率,2012,item value14,是（欄位說明僅存於新北市統計年報）,5.0613335208
101,,,,,,,欄位未定義,0.0,,婚育,新北市政府主計處,年齡別生育率,2012,item value15,是（欄位說明僅存於新北市統計年報）,0.1619358271
101,,,,,,,欄位未定義,0.0,,婚育,新北市政府主計處,年齡別生育率,2012,item value16,是（欄位說明僅存於新北市統計年報）,1.0286307992
101,,,,,,,欄位未定義,0.0,,婚育,新北市政府主計處,年齡別生育率,2012,item value17,是（欄位說明僅存於新北市統計年報）,0.0030964594
101,,,,,,,欄位未定義,0.0,,婚育,新北市政府主計處,生育率,2012,itemvalue2,是（欄位說明僅存於新北市統計年報）,29.4358742646
101,,,,,,,欄位未定義,0.0,,婚育,新北市政府主計處,生育率,2012,itemvalue3,是（欄位說明僅存於新北市統計年報）,37.0054964219
101,,,,,,,欄位未定義,0.0,,婚育,新北市政府主計處,生育率,2012,itemvalue4,是（欄位說明僅存於新北市統計年報）,1219.1601777785
101,,,,,,,欄位未定義,0.0,,婚育,新北市政府主計處,生育率,2012,itemvalue5,是（欄位說明僅存於新北市統計年報）,1228.473802896
101,,,,,,,欄位未定義,0.0,,婚育,新北市政府主計處,生育率,2012,itemvalue6,是（欄位說明僅存於新北市統計年報）,87.1180573699
101,,,,,,,欄位未定義,0.0,,婚育,新北市政府主計處,結婚情形,2012,itemvalue2,是（欄位說明僅存於新北市統計年報）,3074.0
101,,,,,,,欄位未定義,0.0,,婚育,新北市政府主計處,結婚情形,2012,itemvalue3,是（欄位說明僅存於新北市統計年報）,878.0
101,,,,,,,欄位未定義,0.0,,婚育,新北市政府主計處,結婚情形,2012,itemvalue4,是（欄位說明僅存於新北市統計年報）,32.3
101,,,,,,,欄位未定義,0.0,,婚育,新北市政府主計處,結婚情形,2012,itemvalue5,是（欄位說明僅存於新北市統計年報）,29.9
101,,,,,,,欄位未定義,0.0,,婚育,新北市政府主計處,結婚情形,2012,itemvalue6,是（欄位說明僅存於新北市統計年報）,32.0
101,,,,,,,欄位未定義,0.0,,婚育,新北市政府主計處,結婚情形,2012,itemvalue7,是（欄位說明僅存於新北市統計年報）,29.6
101,,,,,,,欄位未定義,0.0,,婚育,新北市政府主計處,結婚情形,2012,itemvalue8,是（欄位說明僅存於新北市統計年報）,34.2656848855
101,,,,,,,欄位未定義,0.0,,婚育,新北市政府主計處,結婚情形,2012,itemvalue9,是（欄位說明僅存於新北市統計年報）,40.2997383292
101,,,,,,,欄位未定義,0.0,,婚育,新北市政府主計處,結婚情形,2012,itemvalue10,是（欄位說明僅存於新北市統計年報）,27.1602958568
101,,,,,,,欄位未定義,0.0,,婚育,新北市政府主計處,結婚情形,2012,itemvalue11,是（欄位說明僅存於新北市統計年報）,12.9395983457
101,,,,,,,欄位未定義,0.0,,婚育,新北市政府主計處,離婚情形,2012,item value2,是（欄位說明僅存於新北市統計年報）,2297.0
101,,,,,,,欄位未定義,0.0,,婚育,新北市政府主計處,離婚情形,2012,item value3,是（欄位說明僅存於新北市統計年報）,314.0
101,,,,,,,欄位未定義,0.0,,婚育,新北市政府主計處,離婚情形,2012,item value4,是（欄位說明僅存於新北市統計年報）,0.0
101,,,,,,,欄位未定義,0.0,,婚育,新北市政府主計處,離婚情形,2012,item value5,是（欄位說明僅存於新北市統計年報）,0.0
101,,,,,,,欄位未定義,0.0,,婚育,新北市政府主計處,離婚情形,2012,item value6,是（欄位說明僅存於新北市統計年報）,12.65
101,,,,,,,欄位未定義,0.0,,婚育,新北市政府主計處,離婚情形,2012,item value7,是（欄位說明僅存於新北市統計年報）,12.37
101,,,,,,,欄位未定義,0.0,,婚育,新北市政府主計處,離婚情形,2012,item value8,是（欄位說明僅存於新北市統計年報）,0.0
101,,,,,,,欄位未定義,0.0,,婚育,新北市政府主計處,離婚情形,2012,item value9,是（欄位說明僅存於新北市統計年報）,0.0
101,,,,,,,欄位未定義,0.0,,婚育,新北市政府主計處,離婚情形,2012,item value10,是（欄位說明僅存於新北市統計年報）,38.9304560132
101,,,,,,,欄位未定義,0.0,,婚育,新北市政府主計處,離婚情形,2012,item value11,是（欄位說明僅存於新北市統計年報）,42.3013310231
101,,,,,,,欄位未定義,0.0,,婚育,新北市政府主計處,離婚情形,2012,item value12,是（欄位說明僅存於新北市統計年報）,18.7682129637
101,,,,,,,欄位未定義,0.0,,婚育,新北市政府主計處,離婚情形,2012,item value13,是（欄位說明僅存於新北市統計年報）,0.0
101,,,,,,,欄位未定義,0.0,,安全,新北市政府主計處,候詢嫌疑犯暨被拘留人犯數,2012,percent2,是（欄位說明僅存於新北市統計年報）,12111.0
101,,,,,,,欄位未定義,0.0,,安全,新北市政府主計處,候詢嫌疑犯暨被拘留人犯數,2012,percent3,是（欄位說明僅存於新北市統計年報）,1640.0
101,,,,,,,欄位未定義,0.0,,安全,新北市政府主計處,候詢嫌疑犯暨被拘留人犯數,2012,percent4,是（欄位說明僅存於新北市統計年報）,12074.0
101,,,,,,,欄位未定義,0.0,,安全,新北市政府主計處,候詢嫌疑犯暨被拘留人犯數,2012,percent5,是（欄位說明僅存於新北市統計年報）,1625.0
101,,,,,,,欄位未定義,0.0,,安全,新北市政府主計處,候詢嫌疑犯暨被拘留人犯數,2012,percent6,是（欄位說明僅存於新北市統計年報）,36.0
101,,,,,,,欄位未定義,0.0,,安全,新北市政府主計處,候詢嫌疑犯暨被拘留人犯數,2012,percent7,是（欄位說明僅存於新北市統計年報）,14.0
101,,,,,,,欄位未定義,0.0,,安全,新北市政府主計處,候詢嫌疑犯暨被拘留人犯數,2012,percent8,是（欄位說明僅存於新北市統計年報）,0.0
101,,,,,,,欄位未定義,0.0,,安全,新北市政府主計處,候詢嫌疑犯暨被拘留人犯數,2012,percent9,是（欄位說明僅存於新北市統計年報）,0.0
101,,,,,,,欄位未定義,0.0,,安全,新北市政府主計處,候詢嫌疑犯暨被拘留人犯數,2012,percent10,是（欄位說明僅存於新北市統計年報）,1.0
101,,,,,,,欄位未定義,0.0,,安全,新北市政府主計處,候詢嫌疑犯暨被拘留人犯數,2012,percent11,是（欄位說明僅存於新北市統計年報）,1.0
101,,,,,,,欄位未定義,0.0,,安全,新北市政府主計處,刑事案件嫌疑犯,2012,item value2,是（欄位說明僅存於新北市統計年報）,41766.0
101,,,,,,,欄位未定義,0.0,,安全,新北市政府主計處,刑事案件嫌疑犯,2012,item value3,是（欄位說明僅存於新北市統計年報）,8848.0
101,,,,,,,欄位未定義,0.0,,安全,新北市政府主計處,刑事案件嫌疑犯,2012,item value4,是（欄位說明僅存於新北市統計年報）,5046.0
101,,,,,,,欄位未定義,0.0,,安全,新北市政府主計處,刑事案件嫌疑犯,2012,item value5,是（欄位說明僅存於新北市統計年報）,1275.0
101,,,,,,,欄位未定義,0.0,,安全,新北市政府主計處,刑事案件嫌疑犯,2012,item value6,是（欄位說明僅存於新北市統計年報）,3235.0
101,,,,,,,欄位未定義,0.0,,安全,新北市政府主計處,刑事案件嫌疑犯,2012,item value7,是（欄位說明僅存於新北市統計年報）,681.0
101,,,,,,,欄位未定義,0.0,,安全,新北市政府主計處,刑事案件嫌疑犯,2012,item value8,是（欄位說明僅存於新北市統計年報）,2073.0
101,,,,,,,欄位未定義,0.0,,安全,新北市政府主計處,刑事案件嫌疑犯,2012,item value9,是（欄位說明僅存於新北市統計年報）,804.0
101,,,,,,,欄位未定義,0.0,,安全,新北市政府主計處,刑事案件嫌疑犯,2012,item value10,是（欄位說明僅存於新北市統計年報）,7133.0
101,,,,,,,欄位未定義,0.0,,安全,新北市政府主計處,刑事案件嫌疑犯,2012,item value11,是（欄位說明僅存於新北市統計年報）,1253.0
101,,,,,,,欄位未定義,0.0,,安全,新北市政府主計處,刑事案件嫌疑犯,2012,item value12,是（欄位說明僅存於新北市統計年報）,10091.0
101,,,,,,,欄位未定義,0.0,,安全,新北市政府主計處,刑事案件嫌疑犯,2012,item value13,是（欄位說明僅存於新北市統計年報）,877.0
101,,,,,,,欄位未定義,0.0,,安全,新北市政府主計處,刑事案件嫌疑犯,2012,item value14,是（欄位說明僅存於新北市統計年報）,14188.0
101,,,,,,,欄位未定義,0.0,,安全,新北市政府主計處,刑事案件嫌疑犯,2012,item value15,是（欄位說明僅存於新北市統計年報）,3958.0
101,,,,,,,欄位未定義,0.0,,安全,新北市政府主計處,刑事案件嫌疑犯─年齡別,2012,item value2,是（欄位說明僅存於新北市統計年報）,41766.0
101,,,,,,,欄位未定義,0.0,,安全,新北市政府主計處,刑事案件嫌疑犯─年齡別,2012,item value3,是（欄位說明僅存於新北市統計年報）,8848.0
101,,,,,,,欄位未定義,0.0,,安全,新北市政府主計處,刑事案件嫌疑犯─年齡別,2012,item value4,是（欄位說明僅存於新北市統計年報）,1.0
101,,,,,,,欄位未定義,0.0,,安全,新北市政府主計處,刑事案件嫌疑犯─年齡別,2012,item value5,是（欄位說明僅存於新北市統計年報）,0.0
101,,,,,,,欄位未定義,0.0,,安全,新北市政府主計處,刑事案件嫌疑犯─年齡別,2012,item value6,是（欄位說明僅存於新北市統計年報）,139.0
101,,,,,,,欄位未定義,0.0,,安全,新北市政府主計處,刑事案件嫌疑犯─年齡別,2012,item value7,是（欄位說明僅存於新北市統計年報）,33.0
101,,,,,,,欄位未定義,0.0,,安全,新北市政府主計處,刑事案件嫌疑犯─年齡別,2012,item value8,是（欄位說明僅存於新北市統計年報）,2660.0
101,,,,,,,欄位未定義,0.0,,安全,新北市政府主計處,刑事案件嫌疑犯─年齡別,2012,item value9,是（欄位說明僅存於新北市統計年報）,470.0
101,,,,,,,欄位未定義,0.0,,安全,新北市政府主計處,刑事案件嫌疑犯─年齡別,2012,item value10,是（欄位說明僅存於新北市統計年報）,4525.0
101,,,,,,,欄位未定義,0.0,,安全,新北市政府主計處,刑事案件嫌疑犯─年齡別,2012,item value11,是（欄位說明僅存於新北市統計年報）,931.0
101,,,,,,,欄位未定義,0.0,,安全,新北市政府主計處,刑事案件嫌疑犯─年齡別,2012,item value12,是（欄位說明僅存於新北市統計年報）,5059.0
101,,,,,,,欄位未定義,0.0,,安全,新北市政府主計處,刑事案件嫌疑犯─年齡別,2012,item value13,是（欄位說明僅存於新北市統計年報）,1144.0
101,,,,,,,欄位未定義,0.0,,安全,新北市政府主計處,刑事案件嫌疑犯─年齡別,2012,item value14,是（欄位說明僅存於新北市統計年報）,11465.0
101,,,,,,,欄位未定義,0.0,,安全,新北市政府主計處,刑事案件嫌疑犯─年齡別,2012,item value15,是（欄位說明僅存於新北市統計年報）,2215.0
101,,,,,,,欄位未定義,0.0,,安全,新北市政府主計處,刑事案件嫌疑犯─年齡別,2012,item value16,是（欄位說明僅存於新北市統計年報）,9169.0
101,,,,,,,欄位未定義,0.0,,安全,新北市政府主計處,刑事案件嫌疑犯─年齡別,2012,item value17,是（欄位說明僅存於新北市統計年報）,1813.0
101,,,,,,,欄位未定義,0.0,,安全,新北市政府主計處,刑事案件嫌疑犯─年齡別,2012,item value18,是（欄位說明僅存於新北市統計年報）,6179.0
101,,,,,,,欄位未定義,0.0,,安全,新北市政府主計處,刑事案件嫌疑犯─年齡別,2012,item value19,是（欄位說明僅存於新北市統計年報）,1496.0
101,,,,,,,欄位未定義,0.0,,安全,新北市政府主計處,刑事案件嫌疑犯─年齡別,2012,item value20,是（欄位說明僅存於新北市統計年報）,1396.0
101,,,,,,,欄位未定義,0.0,,安全,新北市政府主計處,刑事案件嫌疑犯─年齡別,2012,item value21,是（欄位說明僅存於新北市統計年報）,391.0
101,,,,,,,欄位未定義,0.0,,安全,新北市政府主計處,刑事案件嫌疑犯─年齡別,2012,item value22,是（欄位說明僅存於新北市統計年報）,589.0
101,,,,,,,欄位未定義,0.0,,安全,新北市政府主計處,刑事案件嫌疑犯─年齡別,2012,item value23,是（欄位說明僅存於新北市統計年報）,159.0
101,,,,,,,欄位未定義,0.0,,安全,新北市政府主計處,刑事案件嫌疑犯─年齡別,2012,item value24,是（欄位說明僅存於新北市統計年報）,580.0
101,,,,,,,欄位未定義,0.0,,安全,新北市政府主計處,刑事案件嫌疑犯─年齡別,2012,item value25,是（欄位說明僅存於新北市統計年報）,195.0
101,,,,,,,欄位未定義,0.0,,安全,新北市政府主計處,刑事案件嫌疑犯─年齡別,2012,item value26,是（欄位說明僅存於新北市統計年報）,4.0
101,,,,,,,欄位未定義,0.0,,安全,新北市政府主計處,刑事案件嫌疑犯─年齡別,2012,item value27,是（欄位說明僅存於新北市統計年報）,1.0
101,,,,,,,欄位未定義,0.0,,安全,新北市政府主計處,刑事案件被害者,2012,item value2,是（欄位說明僅存於新北市統計年報）,27856.0
101,,,,,,,欄位未定義,0.0,,安全,新北市政府主計處,刑事案件被害者,2012,item value3,是（欄位說明僅存於新北市統計年報）,18450.0
101,,,,,,,欄位未定義,0.0,,安全,新北市政府主計處,刑事案件被害者,2012,item value4,是（欄位說明僅存於新北市統計年報）,11575.0
101,,,,,,,欄位未定義,0.0,,安全,新北市政府主計處,刑事案件被害者,2012,item value5,是（欄位說明僅存於新北市統計年報）,6580.0
101,,,,,,,欄位未定義,0.0,,安全,新北市政府主計處,刑事案件被害者,2012,item value6,是（欄位說明僅存於新北市統計年報）,2186.0
101,,,,,,,欄位未定義,0.0,,安全,新北市政府主計處,刑事案件被害者,2012,item value7,是（欄位說明僅存於新北市統計年報）,1314.0
101,,,,,,,欄位未定義,0.0,,安全,新北市政府主計處,刑事案件被害者,2012,item value8,是（欄位說明僅存於新北市統計年報）,3376.0
101,,,,,,,欄位未定義,0.0,,安全,新北市政府主計處,刑事案件被害者,2012,item value9,是（欄位說明僅存於新北市統計年報）,3181.0
101,,,,,,,欄位未定義,0.0,,安全,新北市政府主計處,刑事案件被害者,2012,item value10,是（欄位說明僅存於新北市統計年報）,1088.0
101,,,,,,,欄位未定義,0.0,,安全,新北市政府主計處,刑事案件被害者,2012,item value11,是（欄位說明僅存於新北市統計年報）,784.0
101,,,,,,,欄位未定義,0.0,,安全,新北市政府主計處,刑事案件被害者,2012,item value12,是（欄位說明僅存於新北市統計年報）,1563.0
101,,,,,,,欄位未定義,0.0,,安全,新北市政府主計處,刑事案件被害者,2012,item value13,是（欄位說明僅存於新北市統計年報）,1361.0
101,,,,,,,欄位未定義,0.0,,安全,新北市政府主計處,刑事案件被害者,2012,item value14,是（欄位說明僅存於新北市統計年報）,8068.0
101,,,,,,,欄位未定義,0.0,,安全,新北市政府主計處,刑事案件被害者,2012,item value15,是（欄位說明僅存於新北市統計年報）,5230.0
101,,,,,,,欄位未定義,0.0,,安全,新北市政府主計處,刑事案件被害者－年齡別,2012,item value2,是（欄位說明僅存於新北市統計年報）,27856.0
101,,,,,,,欄位未定義,0.0,,安全,新北市政府主計處,刑事案件被害者－年齡別,2012,item value3,是（欄位說明僅存於新北市統計年報）,18450.0
101,,,,,,,欄位未定義,0.0,,安全,新北市政府主計處,刑事案件被害者－年齡別,2012,item value4,是（欄位說明僅存於新北市統計年報）,35.0
101,,,,,,,欄位未定義,0.0,,安全,新北市政府主計處,刑事案件被害者－年齡別,2012,item value5,是（欄位說明僅存於新北市統計年報）,58.0
101,,,,,,,欄位未定義,0.0,,安全,新北市政府主計處,刑事案件被害者－年齡別,2012,item value6,是（欄位說明僅存於新北市統計年報）,109.0
101,,,,,,,欄位未定義,0.0,,安全,新北市政府主計處,刑事案件被害者－年齡別,2012,item value7,是（欄位說明僅存於新北市統計年報）,114.0
101,,,,,,,欄位未定義,0.0,,安全,新北市政府主計處,刑事案件被害者－年齡別,2012,item value8,是（欄位說明僅存於新北市統計年報）,867.0
101,,,,,,,欄位未定義,0.0,,安全,新北市政府主計處,刑事案件被害者－年齡別,2012,item value9,是（欄位說明僅存於新北市統計年報）,965.0
101,,,,,,,欄位未定義,0.0,,安全,新北市政府主計處,刑事案件被害者－年齡別,2012,item value10,是（欄位說明僅存於新北市統計年報）,3340.0
101,,,,,,,欄位未定義,0.0,,安全,新北市政府主計處,刑事案件被害者－年齡別,2012,item value11,是（欄位說明僅存於新北市統計年報）,2510.0
101,,,,,,,欄位未定義,0.0,,安全,新北市政府主計處,刑事案件被害者－年齡別,2012,item value12,是（欄位說明僅存於新北市統計年報）,3766.0
101,,,,,,,欄位未定義,0.0,,安全,新北市政府主計處,刑事案件被害者－年齡別,2012,item value13,是（欄位說明僅存於新北市統計年報）,2669.0
101,,,,,,,欄位未定義,0.0,,安全,新北市政府主計處,刑事案件被害者－年齡別,2012,item value14,是（欄位說明僅存於新北市統計年報）,6902.0
101,,,,,,,欄位未定義,0.0,,安全,新北市政府主計處,刑事案件被害者－年齡別,2012,item value15,是（欄位說明僅存於新北市統計年報）,4492.0
101,,,,,,,欄位未定義,0.0,,安全,新北市政府主計處,刑事案件被害者－年齡別,2012,item value16,是（欄位說明僅存於新北市統計年報）,5607.0
101,,,,,,,欄位未定義,0.0,,安全,新北市政府主計處,刑事案件被害者－年齡別,2012,item value17,是（欄位說明僅存於新北市統計年報）,3642.0
101,,,,,,,欄位未定義,0.0,,安全,新北市政府主計處,刑事案件被害者－年齡別,2012,item value18,是（欄位說明僅存於新北市統計年報）,4214.0
101,,,,,,,欄位未定義,0.0,,安全,新北市政府主計處,刑事案件被害者－年齡別,2012,item value19,是（欄位說明僅存於新北市統計年報）,2606.0
101,,,,,,,欄位未定義,0.0,,安全,新北市政府主計處,刑事案件被害者－年齡別,2012,item value20,是（欄位說明僅存於新北市統計年報）,1183.0
101,,,,,,,欄位未定義,0.0,,安全,新北市政府主計處,刑事案件被害者－年齡別,2012,item value21,是（欄位說明僅存於新北市統計年報）,632.0
101,,,,,,,欄位未定義,0.0,,安全,新北市政府主計處,刑事案件被害者－年齡別,2012,item value22,是（欄位說明僅存於新北市統計年報）,507.0
101,,,,,,,欄位未定義,0.0,,安全,新北市政府主計處,刑事案件被害者－年齡別,2012,item value23,是（欄位說明僅存於新北市統計年報）,298.0
101,,,,,,,欄位未定義,0.0,,安全,新北市政府主計處,刑事案件被害者－年齡別,2012,item value24,是（欄位說明僅存於新北市統計年報）,604.0
101,,,,,,,欄位未定義,0.0,,安全,新北市政府主計處,刑事案件被害者－年齡別,2012,item value25,是（欄位說明僅存於新北市統計年報）,432.0
101,,,,,,,欄位未定義,0.0,,安全,新北市政府主計處,刑事案件被害者－年齡別,2012,item value26,是（欄位說明僅存於新北市統計年報）,722.0
101,,,,,,,欄位未定義,0.0,,安全,新北市政府主計處,刑事案件被害者－年齡別,2012,item value27,是（欄位說明僅存於新北市統計年報）,32.0
101,,,,,,,欄位未定義,0.0,,安全,新北市政府主計處,家庭暴力通報案件(續),2012,percent2,是（欄位說明僅存於新北市統計年報）,4552.0
101,,,,,,,欄位未定義,0.0,,安全,新北市政府主計處,家庭暴力通報案件(續),2012,percent3,是（欄位說明僅存於新北市統計年報）,13306.0
101,,,,,,,欄位未定義,0.0,,安全,新北市政府主計處,家庭暴力通報案件(續),2012,percent4,是（欄位說明僅存於新北市統計年報）,2456.0
101,,,,,,,欄位未定義,0.0,,安全,新北市政府主計處,家庭暴力通報案件(續),2012,percent5,是（欄位說明僅存於新北市統計年報）,2491.0
101,,,,,,,欄位未定義,0.0,,安全,新北市政府主計處,家庭暴力通報案件(續),2012,percent6,是（欄位說明僅存於新北市統計年報）,880.0
101,,,,,,,欄位未定義,0.0,,安全,新北市政府主計處,家庭暴力通報案件(續),2012,percent7,是（欄位說明僅存於新北市統計年報）,8436.0
101,,,,,,,欄位未定義,0.0,,安全,新北市政府主計處,家庭暴力通報案件(續),2012,percent8,是（欄位說明僅存於新北市統計年報）,234.0
101,,,,,,,欄位未定義,0.0,,安全,新北市政府主計處,家庭暴力通報案件(續),2012,percent9,是（欄位說明僅存於新北市統計年報）,361.0
101,,,,,,,欄位未定義,0.0,,安全,新北市政府主計處,家庭暴力通報案件(續),2012,percent10,是（欄位說明僅存於新北市統計年報）,982.0
101,,,,,,,欄位未定義,0.0,,安全,新北市政府主計處,家庭暴力通報案件(續),2012,percent11,是（欄位說明僅存於新北市統計年報）,2018.0
101,,,,,,,欄位未定義,0.0,,安全,新北市政府主計處,家庭暴力通報案件(續),2012,percent12,是（欄位說明僅存於新北市統計年報）,449.0
101,,,,,,,欄位未定義,0.0,,安全,新北市政府主計處,家庭暴力通報案件(續),2012,percent13,是（欄位說明僅存於新北市統計年報）,369.0
101,,,,,,,欄位未定義,0.0,,安全,新北市政府主計處,家庭暴力通報案件(續),2012,percent14,是（欄位說明僅存於新北市統計年報）,768.0
101,,,,,,,欄位未定義,0.0,,安全,新北市政府主計處,家庭暴力通報案件(續),2012,percent15,是（欄位說明僅存於新北市統計年報）,519.0
101,,,,,,,欄位未定義,0.0,,安全,新北市政府主計處,家庭暴力通報案件(續),2012,percent16,是（欄位說明僅存於新北市統計年報）,784.0
101,,,,,,,欄位未定義,0.0,,安全,新北市政府主計處,家庭暴力通報案件(續),2012,percent17,是（欄位說明僅存於新北市統計年報）,1127.0
101,,,,,,,欄位未定義,0.0,,安全,新北市政府主計處,家庭暴力通報案件(續),2012,percent18,是（欄位說明僅存於新北市統計年報）,197.0
101,,,,,,,欄位未定義,0.0,,安全,新北市政府主計處,家庭暴力通報案件(續),2012,percent19,是（欄位說明僅存於新北市統計年報）,576.0
101,,,,,,,欄位未定義,0.0,,安全,新北市政府主計處,家庭暴力通報案件(續),2012,percent20,是（欄位說明僅存於新北市統計年報）,545.0
101,,,,,,,欄位未定義,0.0,,安全,新北市政府主計處,家庭暴力通報案件(續),2012,percent21,是（欄位說明僅存於新北市統計年報）,3973.0
101,,,,,,,欄位未定義,0.0,,安全,新北市政府主計處,家庭暴力通報案件(續),2012,percent22,是（欄位說明僅存於新北市統計年報）,835.0
101,,,,,,,欄位未定義,0.0,,安全,新北市政府主計處,家庭暴力通報案件(續),2012,percent23,是（欄位說明僅存於新北市統計年報）,3533.0
101,,,,,,,欄位未定義,0.0,,安全,新北市政府主計處,家庭暴力通報案件(續),2012,percent24,是（欄位說明僅存於新北市統計年報）,263.0
101,,,,,,,欄位未定義,0.0,,安全,新北市政府主計處,家庭暴力通報案件(續),2012,percent25,是（欄位說明僅存於新北市統計年報）,438.0
101,,,,,,,欄位未定義,0.0,,安全,新北市政府主計處,家庭暴力通報案件,2012,percent2,是（欄位說明僅存於新北市統計年報）,18123.0
101,,,,,,,欄位未定義,0.0,,安全,新北市政府主計處,家庭暴力通報案件,2012,percent3,是（欄位說明僅存於新北市統計年報）,4799.0
101,,,,,,,欄位未定義,0.0,,安全,新北市政府主計處,家庭暴力通報案件,2012,percent4,是（欄位說明僅存於新北市統計年報）,9507.0
101,,,,,,,欄位未定義,0.0,,安全,新北市政府主計處,家庭暴力通報案件,2012,percent5,是（欄位說明僅存於新北市統計年報）,584.0
101,,,,,,,欄位未定義,0.0,,安全,新北市政府主計處,家庭暴力通報案件,2012,percent6,是（欄位說明僅存於新北市統計年報）,3233.0
101,,,,,,,欄位未定義,0.0,,安全,新北市政府主計處,家庭暴力通報案件,2012,percent7,是（欄位說明僅存於新北市統計年報）,3688.0
101,,,,,,,欄位未定義,0.0,,安全,新北市政府主計處,家庭暴力通報案件,2012,percent8,是（欄位說明僅存於新北市統計年報）,10679.0
101,,,,,,,欄位未定義,0.0,,安全,新北市政府主計處,家庭暴力通報案件,2012,percent9,是（欄位說明僅存於新北市統計年報）,2555.0
101,,,,,,,欄位未定義,0.0,,安全,新北市政府主計處,家庭暴力通報案件,2012,percent10,是（欄位說明僅存於新北市統計年報）,3315.0
101,,,,,,,欄位未定義,0.0,,安全,新北市政府主計處,家庭暴力通報案件,2012,percent11,是（欄位說明僅存於新北市統計年報）,6.0
101,,,,,,,欄位未定義,0.0,,安全,新北市政府主計處,家庭暴力通報案件,2012,percent12,是（欄位說明僅存於新北市統計年報）,5.0
101,,,,,,,欄位未定義,0.0,,安全,新北市政府主計處,家庭暴力通報案件,2012,percent13,是（欄位說明僅存於新北市統計年報）,289.0
101,,,,,,,欄位未定義,0.0,,安全,新北市政府主計處,家庭暴力通報案件,2012,percent14,是（欄位說明僅存於新北市統計年報）,17.0
101,,,,,,,欄位未定義,0.0,,安全,新北市政府主計處,家庭暴力通報案件,2012,percent15,是（欄位說明僅存於新北市統計年報）,709.0
101,,,,,,,欄位未定義,0.0,,安全,新北市政府主計處,家庭暴力通報案件,2012,percent16,是（欄位說明僅存於新北市統計年報）,200.0
101,,,,,,,欄位未定義,0.0,,安全,新北市政府主計處,少年刑事案件嫌疑犯,2012,item value2,是（欄位說明僅存於新北市統計年報）,762.0
101,,,,,,,欄位未定義,0.0,,安全,新北市政府主計處,少年刑事案件嫌疑犯,2012,item value3,是（欄位說明僅存於新北市統計年報）,117.0
101,,,,,,,欄位未定義,0.0,,安全,新北市政府主計處,少年刑事案件嫌疑犯,2012,item value4,是（欄位說明僅存於新北市統計年報）,413.0
101,,,,,,,欄位未定義,0.0,,安全,新北市政府主計處,少年刑事案件嫌疑犯,2012,item value5,是（欄位說明僅存於新北市統計年報）,79.0
101,,,,,,,欄位未定義,0.0,,安全,新北市政府主計處,少年刑事案件嫌疑犯,2012,item value6,是（欄位說明僅存於新北市統計年報）,312.0
101,,,,,,,欄位未定義,0.0,,安全,新北市政府主計處,少年刑事案件嫌疑犯,2012,item value7,是（欄位說明僅存於新北市統計年報）,70.0
101,,,,,,,欄位未定義,0.0,,安全,新北市政府主計處,少年刑事案件嫌疑犯,2012,item value8,是（欄位說明僅存於新北市統計年報）,315.0
101,,,,,,,欄位未定義,0.0,,安全,新北市政府主計處,少年刑事案件嫌疑犯,2012,item value9,是（欄位說明僅存於新北市統計年報）,25.0
101,,,,,,,欄位未定義,0.0,,安全,新北市政府主計處,少年刑事案件嫌疑犯,2012,item value10,是（欄位說明僅存於新北市統計年報）,178.0
101,,,,,,,欄位未定義,0.0,,安全,新北市政府主計處,少年刑事案件嫌疑犯,2012,item value11,是（欄位說明僅存於新北市統計年報）,7.0
101,,,,,,,欄位未定義,0.0,,安全,新北市政府主計處,少年刑事案件嫌疑犯,2012,item value12,是（欄位說明僅存於新北市統計年報）,82.0
101,,,,,,,欄位未定義,0.0,,安全,新北市政府主計處,少年刑事案件嫌疑犯,2012,item value13,是（欄位說明僅存於新北市統計年報）,9.0
101,,,,,,,欄位未定義,0.0,,安全,新北市政府主計處,少年刑事案件嫌疑犯,2012,item value14,是（欄位說明僅存於新北市統計年報）,0.0
101,,,,,,,欄位未定義,0.0,,安全,新北市政府主計處,少年刑事案件嫌疑犯,2012,item value15,是（欄位說明僅存於新北市統計年報）,0.0
101,,,,,,,欄位未定義,0.0,,安全,新北市政府主計處,少年刑事案件嫌疑犯,2012,item value16,是（欄位說明僅存於新北市統計年報）,0.0
101,,,,,,,欄位未定義,0.0,,安全,新北市政府主計處,少年刑事案件嫌疑犯,2012,item value17,是（欄位說明僅存於新北市統計年報）,0.0
101,,,,,,,欄位未定義,0.0,,安全,新北市政府主計處,少年刑事案件嫌疑犯,2012,item value18,是（欄位說明僅存於新北市統計年報）,49.0
101,,,,,,,欄位未定義,0.0,,安全,新北市政府主計處,少年刑事案件嫌疑犯,2012,item value19,是（欄位說明僅存於新北市統計年報）,7.0
101,,,,,,,欄位未定義,0.0,,安全,新北市政府主計處,少年刑事案件嫌疑犯,2012,item value20,是（欄位說明僅存於新北市統計年報）,6.0
101,,,,,,,欄位未定義,0.0,,安全,新北市政府主計處,少年刑事案件嫌疑犯,2012,item value21,是（欄位說明僅存於新北市統計年報）,2.0
101,,,,,,,欄位未定義,0.0,,安全,新北市政府主計處,少年刑事案件嫌疑犯,2012,item value22,是（欄位說明僅存於新北市統計年報）,0.0
101,,,,,,,欄位未定義,0.0,,安全,新北市政府主計處,少年刑事案件嫌疑犯,2012,item value23,是（欄位說明僅存於新北市統計年報）,0.0
101,,,,,,,欄位未定義,0.0,,安全,新北市政府主計處,少年刑事案件嫌疑犯,2012,item value24,是（欄位說明僅存於新北市統計年報）,858.0
101,,,,,,,欄位未定義,0.0,,安全,新北市政府主計處,少年刑事案件嫌疑犯,2012,item value25,是（欄位說明僅存於新北市統計年報）,179.0
101,,,,,,,欄位未定義,0.0,,安全,新北市政府主計處,暴力犯罪,2012,itemvalue2,是（欄位說明僅存於新北市統計年報）,1221.0
101,,,,,,,欄位未定義,0.0,,安全,新北市政府主計處,暴力犯罪,2012,itemvalue3,是（欄位說明僅存於新北市統計年報）,79.0
101,,,,,,,欄位未定義,0.0,,安全,新北市政府主計處,暴力犯罪,2012,itemvalue4,是（欄位說明僅存於新北市統計年報）,522.0
101,,,,,,,欄位未定義,0.0,,安全,新北市政府主計處,暴力犯罪,2012,itemvalue5,是（欄位說明僅存於新北市統計年報）,37.0
101,,,,,,,欄位未定義,0.0,,安全,新北市政府主計處,暴力犯罪,2012,itemvalue6,是（欄位說明僅存於新北市統計年報）,394.0
101,,,,,,,欄位未定義,0.0,,安全,新北市政府主計處,暴力犯罪,2012,itemvalue7,是（欄位說明僅存於新北市統計年報）,11.0
101,,,,,,,欄位未定義,0.0,,安全,新北市政府主計處,暴力犯罪,2012,itemvalue8,是（欄位說明僅存於新北市統計年報）,0.0
101,,,,,,,欄位未定義,0.0,,安全,新北市政府主計處,暴力犯罪,2012,itemvalue9,是（欄位說明僅存於新北市統計年報）,0.0
101,,,,,,,欄位未定義,0.0,,安全,新北市政府主計處,暴力犯罪,2012,itemvalue10,是（欄位說明僅存於新北市統計年報）,6.0
101,,,,,,,欄位未定義,0.0,,安全,新北市政府主計處,暴力犯罪,2012,itemvalue11,是（欄位說明僅存於新北市統計年報）,1.0
101,,,,,,,欄位未定義,0.0,,安全,新北市政府主計處,暴力犯罪,2012,itemvalue12,是（欄位說明僅存於新北市統計年報）,205.0
101,,,,,,,欄位未定義,0.0,,安全,新北市政府主計處,暴力犯罪,2012,itemvalue13,是（欄位說明僅存於新北市統計年報）,24.0
101,,,,,,,欄位未定義,0.0,,安全,新北市政府主計處,暴力犯罪,2012,itemvalue14,是（欄位說明僅存於新北市統計年報）,87.0
101,,,,,,,欄位未定義,0.0,,安全,新北市政府主計處,暴力犯罪,2012,itemvalue15,是（欄位說明僅存於新北市統計年報）,4.0
101,,,,,,,欄位未定義,0.0,,安全,新北市政府主計處,暴力犯罪,2012,itemvalue16,是（欄位說明僅存於新北市統計年報）,7.0
101,,,,,,,欄位未定義,0.0,,安全,新北市政府主計處,暴力犯罪,2012,itemvalue17,是（欄位說明僅存於新北市統計年報）,2.0
101,,,,,,,欄位未定義,0.0,,安全,新北市政府主計處,暴力犯罪,2012,itemvalue18,是（欄位說明僅存於新北市統計年報）,62.8336752477
101,,,,,,,欄位未定義,0.0,,安全,新北市政府主計處,暴力犯罪,2012,itemvalue19,是（欄位說明僅存於新北市統計年報）,3.9805457127
101,,,,,,,欄位未定義,0.0,,安全,新北市政府主計處,警察局受理性騷擾事（案）件－被害人,2012,item value2,是（欄位說明僅存於新北市統計年報）,0.0
101,,,,,,,欄位未定義,0.0,,安全,新北市政府主計處,警察局受理性騷擾事（案）件－被害人,2012,item value3,是（欄位說明僅存於新北市統計年報）,161.0
101,,,,,,,欄位未定義,0.0,,安全,新北市政府主計處,警察局受理性騷擾事（案）件－被害人,2012,item value4,是（欄位說明僅存於新北市統計年報）,0.0
101,,,,,,,欄位未定義,0.0,,安全,新北市政府主計處,警察局受理性騷擾事（案）件－被害人,2012,item value5,是（欄位說明僅存於新北市統計年報）,13.0
101,,,,,,,欄位未定義,0.0,,安全,新北市政府主計處,警察局受理性騷擾事（案）件－被害人,2012,item value6,是（欄位說明僅存於新北市統計年報）,0.0
101,,,,,,,欄位未定義,0.0,,安全,新北市政府主計處,警察局受理性騷擾事（案）件－被害人,2012,item value7,是（欄位說明僅存於新北市統計年報）,74.0
101,,,,,,,欄位未定義,0.0,,安全,新北市政府主計處,警察局受理性騷擾事（案）件－被害人,2012,item value8,是（欄位說明僅存於新北市統計年報）,0.0
101,,,,,,,欄位未定義,0.0,,安全,新北市政府主計處,警察局受理性騷擾事（案）件－被害人,2012,item value9,是（欄位說明僅存於新北市統計年報）,39.0
101,,,,,,,欄位未定義,0.0,,安全,新北市政府主計處,警察局受理性騷擾事（案）件－被害人,2012,item value10,是（欄位說明僅存於新北市統計年報）,0.0
101,,,,,,,欄位未定義,0.0,,安全,新北市政府主計處,警察局受理性騷擾事（案）件－被害人,2012,item value11,是（欄位說明僅存於新北市統計年報）,26.0
101,,,,,,,欄位未定義,0.0,,安全,新北市政府主計處,警察局受理性騷擾事（案）件－被害人,2012,item value12,是（欄位說明僅存於新北市統計年報）,0.0
101,,,,,,,欄位未定義,0.0,,安全,新北市政府主計處,警察局受理性騷擾事（案）件－被害人,2012,item value13,是（欄位說明僅存於新北市統計年報）,6.0
101,,,,,,,欄位未定義,0.0,,安全,新北市政府主計處,警察局受理性騷擾事（案）件－被害人,2012,item value14,是（欄位說明僅存於新北市統計年報）,0.0
101,,,,,,,欄位未定義,0.0,,安全,新北市政府主計處,警察局受理性騷擾事（案）件－被害人,2012,item value15,是（欄位說明僅存於新北市統計年報）,3.0
101,,,,,,,欄位未定義,0.0,,安全,新北市政府主計處,警察局受理性騷擾事（案）件－被害人,2012,item value16,是（欄位說明僅存於新北市統計年報）,0.0
101,,,,,,,欄位未定義,0.0,,安全,新北市政府主計處,警察局受理性騷擾事（案）件－被害人,2012,item value17,是（欄位說明僅存於新北市統計年報）,0.0
101,,,,,,,欄位未定義,0.0,,安全,新北市政府主計處,警察局受理性騷擾事（案）件－被害人,2012,item value18,是（欄位說明僅存於新北市統計年報）,0.0
101,,,,,,,欄位未定義,0.0,,安全,新北市政府主計處,警察局受理性騷擾事（案）件－被害人,2012,item value19,是（欄位說明僅存於新北市統計年報）,0.0
101,,,,,,,欄位未定義,0.0,,安全,新北市政府主計處,青少犯罪,2012,itemvalue2,是（欄位說明僅存於新北市統計年報）,7185.0
101,,,,,,,欄位未定義,0.0,,安全,新北市政府主計處,青少犯罪,2012,itemvalue3,是（欄位說明僅存於新北市統計年報）,1401.0
101,,,,,,,欄位未定義,0.0,,安全,新北市政府主計處,青少犯罪,2012,itemvalue4,是（欄位說明僅存於新北市統計年報）,2660.0
101,,,,,,,欄位未定義,0.0,,安全,新北市政府主計處,青少犯罪,2012,itemvalue5,是（欄位說明僅存於新北市統計年報）,470.0
101,,,,,,,欄位未定義,0.0,,安全,新北市政府主計處,青少犯罪,2012,itemvalue6,是（欄位說明僅存於新北市統計年報）,4525.0
101,,,,,,,欄位未定義,0.0,,安全,新北市政府主計處,青少犯罪,2012,itemvalue7,是（欄位說明僅存於新北市統計年報）,931.0
101,,,,,,,欄位未定義,0.0,,安全,新北市政府主計處,青少犯罪,2012,itemvalue8,是（欄位說明僅存於新北市統計年報）,2191.8418335207
101,,,,,,,欄位未定義,0.0,,安全,新北市政府主計處,青少犯罪,2012,itemvalue9,是（欄位說明僅存於新北市統計年報）,462.2785946203
101,,,,,,,欄位未定義,0.0,,安全,新北市政府主計處,青少犯罪,2012,itemvalue10,是（欄位說明僅存於新北市統計年報）,496.3086231995
101,,,,,,,欄位未定義,0.0,,安全,新北市政府主計處,青少犯罪,2012,itemvalue11,是（欄位說明僅存於新北市統計年報）,81.6491737383
101,,,,,,,欄位未定義,0.0,,安全,新北市政府主計處,青少犯罪,2012,itemvalue12,是（欄位說明僅存於新北市統計年報）,205.1669505352
101,,,,,,,欄位未定義,0.0,,安全,新北市政府主計處,青少犯罪,2012,itemvalue13,是（欄位說明僅存於新北市統計年報）,17.4464046449
101,,,,,,,欄位未定義,0.0,,安全,新北市政府主計處,青年刑事案件嫌疑犯,2012,itemvalue2,是（欄位說明僅存於新北市統計年報）,405.0
101,,,,,,,欄位未定義,0.0,,安全,新北市政府主計處,青年刑事案件嫌疑犯,2012,itemvalue3,是（欄位說明僅存於新北市統計年報）,92.0
101,,,,,,,欄位未定義,0.0,,安全,新北市政府主計處,青年刑事案件嫌疑犯,2012,itemvalue4,是（欄位說明僅存於新北市統計年報）,453.0
101,,,,,,,欄位未定義,0.0,,安全,新北市政府主計處,青年刑事案件嫌疑犯,2012,itemvalue5,是（欄位說明僅存於新北市統計年報）,35.0
101,,,,,,,欄位未定義,0.0,,安全,新北市政府主計處,青年刑事案件嫌疑犯,2012,itemvalue6,是（欄位說明僅存於新北市統計年報）,1037.0
101,,,,,,,欄位未定義,0.0,,安全,新北市政府主計處,青年刑事案件嫌疑犯,2012,itemvalue7,是（欄位說明僅存於新北市統計年報）,243.0
101,,,,,,,欄位未定義,0.0,,安全,新北市政府主計處,青年刑事案件嫌疑犯,2012,itemvalue8,是（欄位說明僅存於新北市統計年報）,322.0
101,,,,,,,欄位未定義,0.0,,安全,新北市政府主計處,青年刑事案件嫌疑犯,2012,itemvalue9,是（欄位說明僅存於新北市統計年報）,22.0
101,,,,,,,欄位未定義,0.0,,安全,新北市政府主計處,青年刑事案件嫌疑犯,2012,itemvalue10,是（欄位說明僅存於新北市統計年報）,161.0
101,,,,,,,欄位未定義,0.0,,安全,新北市政府主計處,青年刑事案件嫌疑犯,2012,itemvalue11,是（欄位說明僅存於新北市統計年報）,11.0
101,,,,,,,欄位未定義,0.0,,安全,新北市政府主計處,青年刑事案件嫌疑犯,2012,itemvalue12,是（欄位說明僅存於新北市統計年報）,112.0
101,,,,,,,欄位未定義,0.0,,安全,新北市政府主計處,青年刑事案件嫌疑犯,2012,itemvalue13,是（欄位說明僅存於新北市統計年報）,1.0
101,,,,,,,欄位未定義,0.0,,安全,新北市政府主計處,青年刑事案件嫌疑犯,2012,itemvalue14,是（欄位說明僅存於新北市統計年報）,0.0
101,,,,,,,欄位未定義,0.0,,安全,新北市政府主計處,青年刑事案件嫌疑犯,2012,itemvalue15,是（欄位說明僅存於新北市統計年報）,0.0
101,,,,,,,欄位未定義,0.0,,安全,新北市政府主計處,青年刑事案件嫌疑犯,2012,itemvalue16,是（欄位說明僅存於新北市統計年報）,1.0
101,,,,,,,欄位未定義,0.0,,安全,新北市政府主計處,青年刑事案件嫌疑犯,2012,itemvalue17,是（欄位說明僅存於新北市統計年報）,1.0
101,,,,,,,欄位未定義,0.0,,安全,新北市政府主計處,青年刑事案件嫌疑犯,2012,itemvalue18,是（欄位說明僅存於新北市統計年報）,37.0
101,,,,,,,欄位未定義,0.0,,安全,新北市政府主計處,青年刑事案件嫌疑犯,2012,itemvalue19,是（欄位說明僅存於新北市統計年報）,8.0
101,,,,,,,欄位未定義,0.0,,安全,新北市政府主計處,青年刑事案件嫌疑犯,2012,itemvalue20,是（欄位說明僅存於新北市統計年報）,8.0
101,,,,,,,欄位未定義,0.0,,安全,新北市政府主計處,青年刑事案件嫌疑犯,2012,itemvalue21,是（欄位說明僅存於新北市統計年報）,1.0
101,,,,,,,欄位未定義,0.0,,安全,新北市政府主計處,青年刑事案件嫌疑犯,2012,itemvalue22,是（欄位說明僅存於新北市統計年報）,3.0
101,,,,,,,欄位未定義,0.0,,安全,新北市政府主計處,青年刑事案件嫌疑犯,2012,itemvalue23,是（欄位說明僅存於新北市統計年報）,0.0
101,,,,,,,欄位未定義,0.0,,安全,新北市政府主計處,青年刑事案件嫌疑犯,2012,itemvalue24,是（欄位說明僅存於新北市統計年報）,2308.0
101,,,,,,,欄位未定義,0.0,,安全,新北市政府主計處,青年刑事案件嫌疑犯,2012,itemvalue25,是（欄位說明僅存於新北市統計年報）,539.0
101,,,,,,,欄位未定義,0.0,,就業,新北市政府主計處,刑事案件嫌疑犯–職業別,2012,item value2,是（欄位說明僅存於新北市統計年報）,271.0
101,,,,,,,欄位未定義,0.0,,就業,新北市政府主計處,刑事案件嫌疑犯–職業別,2012,item value3,是（欄位說明僅存於新北市統計年報）,61.0
101,,,,,,,欄位未定義,0.0,,就業,新北市政府主計處,刑事案件嫌疑犯–職業別,2012,item value4,是（欄位說明僅存於新北市統計年報）,281.0
101,,,,,,,欄位未定義,0.0,,就業,新北市政府主計處,刑事案件嫌疑犯–職業別,2012,item value5,是（欄位說明僅存於新北市統計年報）,158.0
101,,,,,,,欄位未定義,0.0,,就業,新北市政府主計處,刑事案件嫌疑犯–職業別,2012,item value6,是（欄位說明僅存於新北市統計年報）,789.0
101,,,,,,,欄位未定義,0.0,,就業,新北市政府主計處,刑事案件嫌疑犯–職業別,2012,item value7,是（欄位說明僅存於新北市統計年報）,237.0
101,,,,,,,欄位未定義,0.0,,就業,新北市政府主計處,刑事案件嫌疑犯–職業別,2012,item value8,是（欄位說明僅存於新北市統計年報）,77.0
101,,,,,,,欄位未定義,0.0,,就業,新北市政府主計處,刑事案件嫌疑犯–職業別,2012,item value9,是（欄位說明僅存於新北市統計年報）,56.0
101,,,,,,,欄位未定義,0.0,,就業,新北市政府主計處,刑事案件嫌疑犯–職業別,2012,item value10,是（欄位說明僅存於新北市統計年報）,11419.0
101,,,,,,,欄位未定義,0.0,,就業,新北市政府主計處,刑事案件嫌疑犯–職業別,2012,item value11,是（欄位說明僅存於新北市統計年報）,3302.0
101,,,,,,,欄位未定義,0.0,,就業,新北市政府主計處,刑事案件嫌疑犯–職業別,2012,item value12,是（欄位說明僅存於新北市統計年報）,167.0
101,,,,,,,欄位未定義,0.0,,就業,新北市政府主計處,刑事案件嫌疑犯–職業別,2012,item value13,是（欄位說明僅存於新北市統計年報）,4.0
101,,,,,,,欄位未定義,0.0,,就業,新北市政府主計處,刑事案件嫌疑犯–職業別,2012,item value14,是（欄位說明僅存於新北市統計年報）,420.0
101,,,,,,,欄位未定義,0.0,,就業,新北市政府主計處,刑事案件嫌疑犯–職業別,2012,item value15,是（欄位說明僅存於新北市統計年報）,5.0
101,,,,,,,欄位未定義,0.0,,就業,新北市政府主計處,刑事案件嫌疑犯–職業別,2012,item value16,是（欄位說明僅存於新北市統計年報）,4237.0
101,,,,,,,欄位未定義,0.0,,就業,新北市政府主計處,刑事案件嫌疑犯–職業別,2012,item value17,是（欄位說明僅存於新北市統計年報）,334.0
101,,,,,,,欄位未定義,0.0,,就業,新北市政府主計處,刑事案件嫌疑犯–職業別,2012,item value18,是（欄位說明僅存於新北市統計年報）,2154.0
101,,,,,,,欄位未定義,0.0,,就業,新北市政府主計處,刑事案件嫌疑犯–職業別,2012,item value19,是（欄位說明僅存於新北市統計年報）,42.0
101,,,,,,,欄位未定義,0.0,,就業,新北市政府主計處,刑事案件嫌疑犯–職業別,2012,item value20,是（欄位說明僅存於新北市統計年報）,9045.0
101,,,,,,,欄位未定義,0.0,,就業,新北市政府主計處,刑事案件嫌疑犯–職業別,2012,item value21,是（欄位說明僅存於新北市統計年報）,408.0
101,,,,,,,欄位未定義,0.0,,就業,新北市政府主計處,刑事案件嫌疑犯–職業別,2012,item value22,是（欄位說明僅存於新北市統計年報）,2710.0
101,,,,,,,欄位未定義,0.0,,就業,新北市政府主計處,刑事案件嫌疑犯–職業別,2012,item value23,是（欄位說明僅存於新北市統計年報）,589.0
101,,,,,,,欄位未定義,0.0,,就業,新北市政府主計處,刑事案件嫌疑犯–職業別,2012,item value24,是（欄位說明僅存於新北市統計年報）,9523.0
101,,,,,,,欄位未定義,0.0,,就業,新北市政府主計處,刑事案件嫌疑犯–職業別,2012,item value25,是（欄位說明僅存於新北市統計年報）,3474.0
101,,,,,,,欄位未定義,0.0,,就業,新北市政府主計處,刑事案件嫌疑犯–職業別,2012,item value26,是（欄位說明僅存於新北市統計年報）,673.0
101,,,,,,,欄位未定義,0.0,,就業,新北市政府主計處,刑事案件嫌疑犯–職業別,2012,item value27,是（欄位說明僅存於新北市統計年報）,178.0
101,,,,,,,欄位未定義,0.0,,就業,新北市政府主計處,刑事案件被害者–職業別,2012,item value2,是（欄位說明僅存於新北市統計年報）,724.0
101,,,,,,,欄位未定義,0.0,,就業,新北市政府主計處,刑事案件被害者–職業別,2012,item value3,是（欄位說明僅存於新北市統計年報）,223.0
101,,,,,,,欄位未定義,0.0,,就業,新北市政府主計處,刑事案件被害者–職業別,2012,item value4,是（欄位說明僅存於新北市統計年報）,1013.0
101,,,,,,,欄位未定義,0.0,,就業,新北市政府主計處,刑事案件被害者–職業別,2012,item value5,是（欄位說明僅存於新北市統計年報）,948.0
101,,,,,,,欄位未定義,0.0,,就業,新北市政府主計處,刑事案件被害者–職業別,2012,item value6,是（欄位說明僅存於新北市統計年報）,1150.0
101,,,,,,,欄位未定義,0.0,,就業,新北市政府主計處,刑事案件被害者–職業別,2012,item value7,是（欄位說明僅存於新北市統計年報）,858.0
101,,,,,,,欄位未定義,0.0,,就業,新北市政府主計處,刑事案件被害者–職業別,2012,item value8,是（欄位說明僅存於新北市統計年報）,142.0
101,,,,,,,欄位未定義,0.0,,就業,新北市政府主計處,刑事案件被害者–職業別,2012,item value9,是（欄位說明僅存於新北市統計年報）,228.0
101,,,,,,,欄位未定義,0.0,,就業,新北市政府主計處,刑事案件被害者–職業別,2012,item value10,是（欄位說明僅存於新北市統計年報）,8833.0
101,,,,,,,欄位未定義,0.0,,就業,新北市政府主計處,刑事案件被害者–職業別,2012,item value11,是（欄位說明僅存於新北市統計年報）,6786.0
101,,,,,,,欄位未定義,0.0,,就業,新北市政府主計處,刑事案件被害者–職業別,2012,item value12,是（欄位說明僅存於新北市統計年報）,123.0
101,,,,,,,欄位未定義,0.0,,就業,新北市政府主計處,刑事案件被害者–職業別,2012,item value13,是（欄位說明僅存於新北市統計年報）,10.0
101,,,,,,,欄位未定義,0.0,,就業,新北市政府主計處,刑事案件被害者–職業別,2012,item value14,是（欄位說明僅存於新北市統計年報）,990.0
101,,,,,,,欄位未定義,0.0,,就業,新北市政府主計處,刑事案件被害者–職業別,2012,item value15,是（欄位說明僅存於新北市統計年報）,74.0
101,,,,,,,欄位未定義,0.0,,就業,新北市政府主計處,刑事案件被害者–職業別,2012,item value16,是（欄位說明僅存於新北市統計年報）,2440.0
101,,,,,,,欄位未定義,0.0,,就業,新北市政府主計處,刑事案件被害者–職業別,2012,item value17,是（欄位說明僅存於新北市統計年報）,612.0
101,,,,,,,欄位未定義,0.0,,就業,新北市政府主計處,刑事案件被害者–職業別,2012,item value18,是（欄位說明僅存於新北市統計年報）,1169.0
101,,,,,,,欄位未定義,0.0,,就業,新北市政府主計處,刑事案件被害者–職業別,2012,item value19,是（欄位說明僅存於新北市統計年報）,50.0
101,,,,,,,欄位未定義,0.0,,就業,新北市政府主計處,刑事案件被害者–職業別,2012,item value20,是（欄位說明僅存於新北市統計年報）,2328.0
101,,,,,,,欄位未定義,0.0,,就業,新北市政府主計處,刑事案件被害者–職業別,2012,item value21,是（欄位說明僅存於新北市統計年報）,541.0
101,,,,,,,欄位未定義,0.0,,就業,新北市政府主計處,刑事案件被害者–職業別,2012,item value22,是（欄位說明僅存於新北市統計年報）,2077.0
101,,,,,,,欄位未定義,0.0,,就業,新北市政府主計處,刑事案件被害者–職業別,2012,item value23,是（欄位說明僅存於新北市統計年報）,2014.0
101,,,,,,,欄位未定義,0.0,,就業,新北市政府主計處,刑事案件被害者–職業別,2012,item value24,是（欄位說明僅存於新北市統計年報）,2353.0
101,,,,,,,欄位未定義,0.0,,就業,新北市政府主計處,刑事案件被害者–職業別,2012,item value25,是（欄位說明僅存於新北市統計年報）,3957.0
101,,,,,,,欄位未定義,0.0,,就業,新北市政府主計處,刑事案件被害者–職業別,2012,item value26,是（欄位說明僅存於新北市統計年報）,4514.0
101,,,,,,,欄位未定義,0.0,,就業,新北市政府主計處,刑事案件被害者–職業別,2012,item value27,是（欄位說明僅存於新北市統計年報）,2149.0
101,,,,,,,欄位未定義,0.0,,就業,新北市政府主計處,勞動力,2012,percent2,是（欄位說明僅存於新北市統計年報）,1618.0
101,,,,,,,欄位未定義,0.0,,就業,新北市政府主計處,勞動力,2012,percent3,是（欄位說明僅存於新北市統計年報）,1718.0
101,,,,,,,欄位未定義,0.0,,就業,新北市政府主計處,勞動力,2012,percent4,是（欄位說明僅存於新北市統計年報）,1098.0
101,,,,,,,欄位未定義,0.0,,就業,新北市政府主計處,勞動力,2012,percent5,是（欄位說明僅存於新北市統計年報）,878.0
101,,,,,,,欄位未定義,0.0,,就業,新北市政府主計處,勞動力,2012,percent6,是（欄位說明僅存於新北市統計年報）,1046.0
101,,,,,,,欄位未定義,0.0,,就業,新北市政府主計處,勞動力,2012,percent7,是（欄位說明僅存於新北市統計年報）,846.0
101,,,,,,,欄位未定義,0.0,,就業,新北市政府主計處,勞動力,2012,percent8,是（欄位說明僅存於新北市統計年報）,52.0
101,,,,,,,欄位未定義,0.0,,就業,新北市政府主計處,勞動力,2012,percent9,是（欄位說明僅存於新北市統計年報）,32.0
101,,,,,,,欄位未定義,0.0,,就業,新北市政府主計處,勞動力,2012,percent10,是（欄位說明僅存於新北市統計年報）,521.0
101,,,,,,,欄位未定義,0.0,,就業,新北市政府主計處,勞動力,2012,percent11,是（欄位說明僅存於新北市統計年報）,840.0
101,,,,,,,欄位未定義,0.0,,就業,新北市政府主計處,勞動力,2012,percent12,是（欄位說明僅存於新北市統計年報）,188.0
101,,,,,,,欄位未定義,0.0,,就業,新北市政府主計處,勞動力,2012,percent13,是（欄位說明僅存於新北市統計年報）,173.0
101,,,,,,,欄位未定義,0.0,,就業,新北市政府主計處,勞動力,2012,percent14,是（欄位說明僅存於新北市統計年報）,4.0
101,,,,,,,欄位未定義,0.0,,就業,新北市政府主計處,勞動力,2012,percent15,是（欄位說明僅存於新北市統計年報）,427.0
101,,,,,,,欄位未定義,0.0,,就業,新北市政府主計處,勞動力,2012,percent16,是（欄位說明僅存於新北市統計年報）,165.0
101,,,,,,,欄位未定義,0.0,,就業,新北市政府主計處,勞動力,2012,percent17,是（欄位說明僅存於新北市統計年報）,181.0
101,,,,,,,欄位未定義,0.0,,就業,新北市政府主計處,勞動力,2012,percent18,是（欄位說明僅存於新北市統計年報）,164.0
101,,,,,,,欄位未定義,0.0,,就業,新北市政府主計處,勞動力,2012,percent19,是（欄位說明僅存於新北市統計年報）,59.0
101,,,,,,,欄位未定義,0.0,,就業,新北市政府主計處,勞動力,2012,percent20,是（欄位說明僅存於新北市統計年報）,44.4
101,,,,,,,欄位未定義,0.0,,就業,新北市政府主計處,勞動力參與率,2012,itemvalue2,是（欄位說明僅存於新北市統計年報）,67.8
101,,,,,,,欄位未定義,0.0,,就業,新北市政府主計處,勞動力參與率,2012,itemvalue3,是（欄位說明僅存於新北市統計年報）,51.1
101,,,,,,,欄位未定義,0.0,,就業,新北市政府主計處,勞動力參與率,2012,itemvalue4,是（欄位說明僅存於新北市統計年報）,29.8
101,,,,,,,欄位未定義,0.0,,就業,新北市政府主計處,勞動力參與率,2012,itemvalue5,是（欄位說明僅存於新北市統計年報）,33.7
101,,,,,,,欄位未定義,0.0,,就業,新北市政府主計處,勞動力參與率,2012,itemvalue6,是（欄位說明僅存於新北市統計年報）,94.4
101,,,,,,,欄位未定義,0.0,,就業,新北市政府主計處,勞動力參與率,2012,itemvalue7,是（欄位說明僅存於新北市統計年報）,77.9
101,,,,,,,欄位未定義,0.0,,就業,新北市政府主計處,勞動力參與率,2012,itemvalue8,是（欄位說明僅存於新北市統計年報）,73.8
101,,,,,,,欄位未定義,0.0,,就業,新北市政府主計處,勞動力參與率,2012,itemvalue9,是（欄位說明僅存於新北市統計年報）,43.9
101,,,,,,,欄位未定義,0.0,,就業,新北市政府主計處,勞動力參與率,2012,itemvalue10,是（欄位說明僅存於新北市統計年報）,6.8
101,,,,,,,欄位未定義,0.0,,就業,新北市政府主計處,勞動力參與率,2012,itemvalue11,是（欄位說明僅存於新北市統計年報）,1.6
101,,,,,,,欄位未定義,0.0,,就業,新北市政府主計處,勞動力參與率,2012,itemvalue12,是（欄位說明僅存於新北市統計年報）,55.5
101,,,,,,,欄位未定義,0.0,,就業,新北市政府主計處,勞動力參與率,2012,itemvalue13,是（欄位說明僅存於新北市統計年報）,24.7
101,,,,,,,欄位未定義,0.0,,就業,新北市政府主計處,勞動力參與率,2012,itemvalue14,是（欄位說明僅存於新北市統計年報）,72.5
101,,,,,,,欄位未定義,0.0,,就業,新北市政府主計處,勞動力參與率,2012,itemvalue15,是（欄位說明僅存於新北市統計年報）,54.2
101,,,,,,,欄位未定義,0.0,,就業,新北市政府主計處,勞動力參與率,2012,itemvalue16,是（欄位說明僅存於新北市統計年報）,73.0
101,,,,,,,欄位未定義,0.0,,就業,新北市政府主計處,勞動力參與率,2012,itemvalue17,是（欄位說明僅存於新北市統計年報）,68.4
101,,,,,,,欄位未定義,0.0,,就業,新北市政府主計處,勞動力參與率,2012,itemvalue18,是（欄位說明僅存於新北市統計年報）,63.3
101,,,,,,,欄位未定義,0.0,,就業,新北市政府主計處,勞動力參與率,2012,itemvalue19,是（欄位說明僅存於新北市統計年報）,63.1
101,,,,,,,欄位未定義,0.0,,就業,新北市政府主計處,勞動力參與率,2012,itemvalue20,是（欄位說明僅存於新北市統計年報）,71.7
101,,,,,,,欄位未定義,0.0,,就業,新北市政府主計處,勞動力參與率,2012,itemvalue21,是（欄位說明僅存於新北市統計年報）,48.9
101,,,,,,,欄位未定義,0.0,,就業,新北市政府主計處,勞動力參與率,2012,itemvalue22,是（欄位說明僅存於新北市統計年報）,58.5
101,,,,,,,欄位未定義,0.0,,就業,新北市政府主計處,勞動力參與率,2012,itemvalue23,是（欄位說明僅存於新北市統計年報）,29.2
101,,,,,,,欄位未定義,0.0,,就業,新北市政府主計處,勞工(農民)保險及勞資爭議,2012,itemvalue2,是（欄位說明僅存於新北市統計年報）,27929.0
101,,,,,,,欄位未定義,0.0,,就業,新北市政府主計處,勞工(農民)保險及勞資爭議,2012,itemvalue3,是（欄位說明僅存於新北市統計年報）,20588.0
101,,,,,,,欄位未定義,0.0,,就業,新北市政府主計處,勞工(農民)保險及勞資爭議,2012,itemvalue4,是（欄位說明僅存於新北市統計年報）,700193.0
101,,,,,,,欄位未定義,0.0,,就業,新北市政府主計處,勞工(農民)保險及勞資爭議,2012,itemvalue5,是（欄位說明僅存於新北市統計年報）,679947.0
101,,,,,,,欄位未定義,0.0,,就業,新北市政府主計處,勞工(農民)保險及勞資爭議,2012,itemvalue6,是（欄位說明僅存於新北市統計年報）,7910.0
101,,,,,,,欄位未定義,0.0,,就業,新北市政府主計處,勞工(農民)保險及勞資爭議,2012,itemvalue7,是（欄位說明僅存於新北市統計年報）,33148.0
101,,,,,,,欄位未定義,0.0,,就業,新北市政府主計處,勞工(農民)保險及勞資爭議,2012,itemvalue8,是（欄位說明僅存於新北市統計年報）,2859.0
101,,,,,,,欄位未定義,0.0,,就業,新北市政府主計處,勞工(農民)保險及勞資爭議,2012,itemvalue9,是（欄位說明僅存於新北市統計年報）,2339.0
101,,,,,,,欄位未定義,0.0,,就業,新北市政府主計處,原住民族勞動力,2012,percent2,是（欄位說明僅存於新北市統計年報）,72.2
101,,,,,,,欄位未定義,0.0,,就業,新北市政府主計處,原住民族勞動力,2012,percent3,是（欄位說明僅存於新北市統計年報）,59.41
101,,,,,,,欄位未定義,0.0,,就業,新北市政府主計處,原住民族勞動力,2012,percent4,是（欄位說明僅存於新北市統計年報）,96.99
101,,,,,,,欄位未定義,0.0,,就業,新北市政府主計處,原住民族勞動力,2012,percent5,是（欄位說明僅存於新北市統計年報）,95.78
101,,,,,,,欄位未定義,0.0,,就業,新北市政府主計處,原住民族勞動力,2012,percent6,是（欄位說明僅存於新北市統計年報）,3.01
101,,,,,,,欄位未定義,0.0,,就業,新北市政府主計處,原住民族勞動力,2012,percent7,是（欄位說明僅存於新北市統計年報）,4.22
101,,,,,,,欄位未定義,0.0,,就業,新北市政府主計處,失業率－年齡別,2012,item value2,是（欄位說明僅存於新北市統計年報）,13.3
101,,,,,,,欄位未定義,0.0,,就業,新北市政府主計處,失業率－年齡別,2012,item value3,是（欄位說明僅存於新北市統計年報）,10.3
101,,,,,,,欄位未定義,0.0,,就業,新北市政府主計處,失業率－年齡別,2012,item value4,是（欄位說明僅存於新北市統計年報）,7.5
101,,,,,,,欄位未定義,0.0,,就業,新北市政府主計處,失業率－年齡別,2012,item value5,是（欄位說明僅存於新北市統計年報）,5.3
101,,,,,,,欄位未定義,0.0,,就業,新北市政府主計處,失業率－年齡別,2012,item value6,是（欄位說明僅存於新北市統計年報）,4.6
101,,,,,,,欄位未定義,0.0,,就業,新北市政府主計處,失業率－年齡別,2012,item value7,是（欄位說明僅存於新北市統計年報）,3.9
101,,,,,,,欄位未定義,0.0,,就業,新北市政府主計處,失業率－年齡別,2012,item value8,是（欄位說明僅存於新北市統計年報）,3.9
101,,,,,,,欄位未定義,0.0,,就業,新北市政府主計處,失業率－年齡別,2012,item value9,是（欄位說明僅存於新北市統計年報）,2.5
101,,,,,,,欄位未定義,0.0,,就業,新北市政府主計處,失業率－年齡別,2012,item value10,是（欄位說明僅存於新北市統計年報）,4.0
101,,,,,,,欄位未定義,0.0,,就業,新北市政府主計處,失業率－年齡別,2012,item value11,是（欄位說明僅存於新北市統計年報）,2.3
101,,,,,,,欄位未定義,0.0,,就業,新北市政府主計處,失業率－年齡別,2012,item value12,是（欄位說明僅存於新北市統計年報）,3.3
101,,,,,,,欄位未定義,0.0,,就業,新北市政府主計處,失業率－年齡別,2012,item value13,是（欄位說明僅存於新北市統計年報）,2.1
101,,,,,,,欄位未定義,0.0,,就業,新北市政府主計處,失業率－年齡別,2012,item value14,是（欄位說明僅存於新北市統計年報）,3.1
101,,,,,,,欄位未定義,0.0,,就業,新北市政府主計處,失業率－年齡別,2012,item value15,是（欄位說明僅存於新北市統計年報）,1.3
101,,,,,,,欄位未定義,0.0,,就業,新北市政府主計處,失業率－年齡別,2012,item value16,是（欄位說明僅存於新北市統計年報）,2.2
101,,,,,,,欄位未定義,0.0,,就業,新北市政府主計處,失業率－年齡別,2012,item value17,是（欄位說明僅存於新北市統計年報）,1.0
101,,,,,,,欄位未定義,0.0,,就業,新北市政府主計處,失業率－年齡別,2012,item value18,是（欄位說明僅存於新北市統計年報）,2.3
101,,,,,,,欄位未定義,0.0,,就業,新北市政府主計處,失業率－年齡別,2012,item value19,是（欄位說明僅存於新北市統計年報）,0.5
101,,,,,,,欄位未定義,0.0,,就業,新北市政府主計處,失業率－年齡別,2012,item value20,是（欄位說明僅存於新北市統計年報）,0.0
101,,,,,,,欄位未定義,0.0,,就業,新北市政府主計處,失業率－年齡別,2012,item value21,是（欄位說明僅存於新北市統計年報）,1.4
101,,,,,,,欄位未定義,0.0,,就業,新北市政府主計處,家庭所得分配,2012,itemvalue2,是（欄位說明僅存於新北市統計年報）,665891.0
101,,,,,,,欄位未定義,0.0,,就業,新北市政府主計處,家庭所得分配,2012,itemvalue3,是（欄位說明僅存於新北市統計年報）,500094.0
101,,,,,,,欄位未定義,0.0,,就業,新北市政府主計處,家庭所得分配,2012,itemvalue4,是（欄位說明僅存於新北市統計年報）,551546.0
101,,,,,,,欄位未定義,0.0,,就業,新北市政府主計處,家庭所得分配,2012,itemvalue5,是（欄位說明僅存於新北市統計年報）,424444.0
101,,,,,,,欄位未定義,0.0,,就業,新北市政府主計處,家庭所得分配,2012,itemvalue6,是（欄位說明僅存於新北市統計年報）,340414.0
101,,,,,,,欄位未定義,0.0,,就業,新北市政府主計處,家庭所得分配,2012,itemvalue7,是（欄位說明僅存於新北市統計年報）,324531.0
101,,,,,,,欄位未定義,0.0,,就業,新北市政府主計處,家庭所得分配,2012,itemvalue8,是（欄位說明僅存於新北市統計年報）,280560.0
101,,,,,,,欄位未定義,0.0,,就業,新北市政府主計處,家庭所得分配,2012,itemvalue9,是（欄位說明僅存於新北市統計年報）,272351.0
101,,,,,,,欄位未定義,0.0,,就業,新北市政府主計處,家庭所得差距,2012,itemvalue2,是（欄位說明僅存於新北市統計年報）,972434.0
101,,,,,,,欄位未定義,0.0,,就業,新北市政府主計處,家庭所得差距,2012,itemvalue3,是（欄位說明僅存於新北市統計年報）,772108.0
101,,,,,,,欄位未定義,0.0,,就業,新北市政府主計處,家庭所得差距,2012,itemvalue4,是（欄位說明僅存於新北市統計年報）,373150.0
101,,,,,,,欄位未定義,0.0,,就業,新北市政府主計處,家庭所得差距,2012,itemvalue5,是（欄位說明僅存於新北市統計年報）,358947.0
101,,,,,,,欄位未定義,0.0,,就業,新北市政府主計處,家庭所得差距,2012,itemvalue6,是（欄位說明僅存於新北市統計年報）,610861.0
101,,,,,,,欄位未定義,0.0,,就業,新北市政府主計處,家庭所得差距,2012,itemvalue7,是（欄位說明僅存於新北市統計年報）,602142.0
101,,,,,,,欄位未定義,0.0,,就業,新北市政府主計處,家庭所得差距,2012,itemvalue8,是（欄位說明僅存於新北市統計年報）,830791.0
101,,,,,,,欄位未定義,0.0,,就業,新北市政府主計處,家庭所得差距,2012,itemvalue9,是（欄位說明僅存於新北市統計年報）,826103.0
101,,,,,,,欄位未定義,0.0,,就業,新北市政府主計處,家庭所得差距,2012,itemvalue10,是（欄位說明僅存於新北市統計年報）,1081631.0
101,,,,,,,欄位未定義,0.0,,就業,新北市政府主計處,家庭所得差距,2012,itemvalue11,是（欄位說明僅存於新北市統計年報）,1095295.0
101,,,,,,,欄位未定義,0.0,,就業,新北市政府主計處,家庭所得差距,2012,itemvalue12,是（欄位說明僅存於新北市統計年報）,1691028.0
101,,,,,,,欄位未定義,0.0,,就業,新北市政府主計處,家庭所得差距,2012,itemvalue13,是（欄位說明僅存於新北市統計年報）,1598541.0
101,,,,,,,欄位未定義,0.0,,就業,新北市政府主計處,就業者年齡結構,2012,percent2,是（欄位說明僅存於新北市統計年報）,6.6
101,,,,,,,欄位未定義,0.0,,就業,新北市政府主計處,就業者年齡結構,2012,percent3,是（欄位說明僅存於新北市統計年報）,9.46
101,,,,,,,欄位未定義,0.0,,就業,新北市政府主計處,就業者年齡結構,2012,percent4,是（欄位說明僅存於新北市統計年報）,12.24
101,,,,,,,欄位未定義,0.0,,就業,新北市政府主計處,就業者年齡結構,2012,percent5,是（欄位說明僅存於新北市統計年報）,15.25
101,,,,,,,欄位未定義,0.0,,就業,新北市政府主計處,就業者年齡結構,2012,percent6,是（欄位說明僅存於新北市統計年報）,15.39
101,,,,,,,欄位未定義,0.0,,就業,新北市政府主計處,就業者年齡結構,2012,percent7,是（欄位說明僅存於新北市統計年報）,16.31
101,,,,,,,欄位未定義,0.0,,就業,新北市政府主計處,就業者年齡結構,2012,percent8,是（欄位說明僅存於新北市統計年報）,13.96
101,,,,,,,欄位未定義,0.0,,就業,新北市政府主計處,就業者年齡結構,2012,percent9,是（欄位說明僅存於新北市統計年報）,14.3
101,,,,,,,欄位未定義,0.0,,就業,新北市政府主計處,就業者年齡結構,2012,percent10,是（欄位說明僅存於新北市統計年報）,13.29
101,,,,,,,欄位未定義,0.0,,就業,新北市政府主計處,就業者年齡結構,2012,percent11,是（欄位說明僅存於新北市統計年報）,13.36
101,,,,,,,欄位未定義,0.0,,就業,新北市政府主計處,就業者年齡結構,2012,percent12,是（欄位說明僅存於新北市統計年報）,13.19
101,,,,,,,欄位未定義,0.0,,就業,新北市政府主計處,就業者年齡結構,2012,percent13,是（欄位說明僅存於新北市統計年報）,13.0
101,,,,,,,欄位未定義,0.0,,就業,新北市政府主計處,就業者年齡結構,2012,percent14,是（欄位說明僅存於新北市統計年報）,11.85
101,,,,,,,欄位未定義,0.0,,就業,新北市政府主計處,就業者年齡結構,2012,percent15,是（欄位說明僅存於新北市統計年報）,10.17
101,,,,,,,欄位未定義,0.0,,就業,新北市政府主計處,就業者年齡結構,2012,percent16,是（欄位說明僅存於新北市統計年報）,8.7
101,,,,,,,欄位未定義,0.0,,就業,新北市政府主計處,就業者年齡結構,2012,percent17,是（欄位說明僅存於新北市統計年報）,6.03
101,,,,,,,欄位未定義,0.0,,就業,新北市政府主計處,就業者年齡結構,2012,percent18,是（欄位說明僅存於新北市統計年報）,3.73
101,,,,,,,欄位未定義,0.0,,就業,新北市政府主計處,就業者年齡結構,2012,percent19,是（欄位說明僅存於新北市統計年報）,1.77
101,,,,,,,欄位未定義,0.0,,就業,新北市政府主計處,就業者年齡結構,2012,percent20,是（欄位說明僅存於新北市統計年報）,1.05
101,,,,,,,欄位未定義,0.0,,就業,新北市政府主計處,就業者年齡結構,2012,percent21,是（欄位說明僅存於新北市統計年報）,0.35
101,,,,,,,欄位未定義,0.0,,就業,新北市政府主計處,就業者從業身分結構,2012,percent2,是（欄位說明僅存於新北市統計年報）,17.52
101,,,,,,,欄位未定義,0.0,,就業,新北市政府主計處,就業者從業身分結構,2012,percent3,是（欄位說明僅存於新北市統計年報）,6.86
101,,,,,,,欄位未定義,0.0,,就業,新北市政府主計處,就業者從業身分結構,2012,percent4,是（欄位說明僅存於新北市統計年報）,6.64
101,,,,,,,欄位未定義,0.0,,就業,新北市政府主計處,就業者從業身分結構,2012,percent5,是（欄位說明僅存於新北市統計年報）,1.59
101,,,,,,,欄位未定義,0.0,,就業,新北市政府主計處,就業者從業身分結構,2012,percent6,是（欄位說明僅存於新北市統計年報）,10.88
101,,,,,,,欄位未定義,0.0,,就業,新北市政府主計處,就業者從業身分結構,2012,percent7,是（欄位說明僅存於新北市統計年報）,5.27
101,,,,,,,欄位未定義,0.0,,就業,新北市政府主計處,就業者從業身分結構,2012,percent8,是（欄位說明僅存於新北市統計年報）,7.35
101,,,,,,,欄位未定義,0.0,,就業,新北市政府主計處,就業者從業身分結構,2012,percent9,是（欄位說明僅存於新北市統計年報）,10.24
101,,,,,,,欄位未定義,0.0,,就業,新北市政府主計處,就業者從業身分結構,2012,percent10,是（欄位說明僅存於新北市統計年報）,73.76
101,,,,,,,欄位未定義,0.0,,就業,新北市政府主計處,就業者從業身分結構,2012,percent11,是（欄位說明僅存於新北市統計年報）,77.56
101,,,,,,,欄位未定義,0.0,,就業,新北市政府主計處,就業者從業身分結構,2012,percent12,是（欄位說明僅存於新北市統計年報）,1.38
101,,,,,,,欄位未定義,0.0,,就業,新北市政府主計處,就業者從業身分結構,2012,percent13,是（欄位說明僅存於新北市統計年報）,5.32
101,,,,,,,欄位未定義,0.0,,就業,新北市政府主計處,就業者職業結構,2012,percent2,是（欄位說明僅存於新北市統計年報）,4.87
101,,,,,,,欄位未定義,0.0,,就業,新北市政府主計處,就業者職業結構,2012,percent3,是（欄位說明僅存於新北市統計年報）,1.99
101,,,,,,,欄位未定義,0.0,,就業,新北市政府主計處,就業者職業結構,2012,percent4,是（欄位說明僅存於新北市統計年報）,10.88
101,,,,,,,欄位未定義,0.0,,就業,新北市政府主計處,就業者職業結構,2012,percent5,是（欄位說明僅存於新北市統計年報）,11.51
101,,,,,,,欄位未定義,0.0,,就業,新北市政府主計處,就業者職業結構,2012,percent6,是（欄位說明僅存於新北市統計年報）,20.85
101,,,,,,,欄位未定義,0.0,,就業,新北市政府主計處,就業者職業結構,2012,percent7,是（欄位說明僅存於新北市統計年報）,25.48
101,,,,,,,欄位未定義,0.0,,就業,新北市政府主計處,就業者職業結構,2012,percent8,是（欄位說明僅存於新北市統計年報）,5.18
101,,,,,,,欄位未定義,0.0,,就業,新北市政府主計處,就業者職業結構,2012,percent9,是（欄位說明僅存於新北市統計年報）,21.3
101,,,,,,,欄位未定義,0.0,,就業,新北市政府主計處,就業者職業結構,2012,percent10,是（欄位說明僅存於新北市統計年報）,17.19
101,,,,,,,欄位未定義,0.0,,就業,新北市政府主計處,就業者職業結構,2012,percent11,是（欄位說明僅存於新北市統計年報）,23.27
101,,,,,,,欄位未定義,0.0,,就業,新北市政府主計處,就業者職業結構,2012,percent12,是（欄位說明僅存於新北市統計年報）,1.07
101,,,,,,,欄位未定義,0.0,,就業,新北市政府主計處,就業者職業結構,2012,percent13,是（欄位說明僅存於新北市統計年報）,0.07
101,,,,,,,欄位未定義,0.0,,就業,新北市政府主計處,就業者職業結構,2012,percent14,是（欄位說明僅存於新北市統計年報）,39.99
101,,,,,,,欄位未定義,0.0,,就業,新北市政府主計處,就業者職業結構,2012,percent15,是（欄位說明僅存於新北市統計年報）,16.38
101,,,,,,,欄位未定義,0.0,,就業,新北市政府主計處,就業者職業結構,2012,percent16,是（欄位說明僅存於新北市統計年報）,44.68
101,,,,,,,欄位未定義,0.0,,就業,新北市政府主計處,就業者職業結構,2012,percent17,是（欄位說明僅存於新北市統計年報）,43.24
101,,,,,,,欄位未定義,0.0,,就業,新北市政府主計處,就業者行業結構－服務業,2012,percent2,是（欄位說明僅存於新北市統計年報）,55.45
101,,,,,,,欄位未定義,0.0,,就業,新北市政府主計處,就業者行業結構－服務業,2012,percent3,是（欄位說明僅存於新北市統計年報）,74.47
101,,,,,,,欄位未定義,0.0,,就業,新北市政府主計處,就業者行業結構－服務業,2012,percent4,是（欄位說明僅存於新北市統計年報）,15.68
101,,,,,,,欄位未定義,0.0,,就業,新北市政府主計處,就業者行業結構－服務業,2012,percent5,是（欄位說明僅存於新北市統計年報）,20.57
101,,,,,,,欄位未定義,0.0,,就業,新北市政府主計處,就業者行業結構－服務業,2012,percent6,是（欄位說明僅存於新北市統計年報）,6.5
101,,,,,,,欄位未定義,0.0,,就業,新北市政府主計處,就業者行業結構－服務業,2012,percent7,是（欄位說明僅存於新北市統計年報）,2.48
101,,,,,,,欄位未定義,0.0,,就業,新北市政府主計處,就業者行業結構－服務業,2012,percent8,是（欄位說明僅存於新北市統計年報）,3.44
101,,,,,,,欄位未定義,0.0,,就業,新北市政府主計處,就業者行業結構－服務業,2012,percent9,是（欄位說明僅存於新北市統計年報）,3.07
101,,,,,,,欄位未定義,0.0,,就業,新北市政府主計處,就業者行業結構－服務業,2012,percent10,是（欄位說明僅存於新北市統計年報）,6.21
101,,,,,,,欄位未定義,0.0,,就業,新北市政府主計處,就業者行業結構－服務業,2012,percent11,是（欄位說明僅存於新北市統計年報）,8.39
101,,,,,,,欄位未定義,0.0,,就業,新北市政府主計處,就業者行業結構－服務業,2012,percent12,是（欄位說明僅存於新北市統計年報）,3.54
101,,,,,,,欄位未定義,0.0,,就業,新北市政府主計處,就業者行業結構－服務業,2012,percent13,是（欄位說明僅存於新北市統計年報）,7.09
101,,,,,,,欄位未定義,0.0,,就業,新北市政府主計處,就業者行業結構－服務業,2012,percent14,是（欄位說明僅存於新北市統計年報）,3.15
101,,,,,,,欄位未定義,0.0,,就業,新北市政府主計處,就業者行業結構－服務業,2012,percent15,是（欄位說明僅存於新北市統計年報）,4.96
101,,,,,,,欄位未定義,0.0,,就業,新北市政府主計處,就業者行業結構－服務業,2012,percent16,是（欄位說明僅存於新北市統計年報）,2.39
101,,,,,,,欄位未定義,0.0,,就業,新北市政府主計處,就業者行業結構－服務業,2012,percent17,是（欄位說明僅存於新北市統計年報）,7.8
101,,,,,,,欄位未定義,0.0,,就業,新北市政府主計處,就業者行業結構－服務業,2012,percent18,是（欄位說明僅存於新北市統計年報）,17.97
101,,,,,,,欄位未定義,0.0,,就業,新北市政府主計處,就業者行業結構－服務業,2012,percent19,是（欄位說明僅存於新北市統計年報）,23.17
101,,,,,,,欄位未定義,0.0,,就業,新北市政府主計處,就業者行業結構－農業及工業,2012,percent2,是（欄位說明僅存於新北市統計年報）,1.05
101,,,,,,,欄位未定義,0.0,,就業,新北市政府主計處,就業者行業結構－農業及工業,2012,percent3,是（欄位說明僅存於新北市統計年報）,0.12
101,,,,,,,欄位未定義,0.0,,就業,新北市政府主計處,就業者行業結構－農業及工業,2012,percent4,是（欄位說明僅存於新北市統計年報）,43.5
101,,,,,,,欄位未定義,0.0,,就業,新北市政府主計處,就業者行業結構－農業及工業,2012,percent5,是（欄位說明僅存於新北市統計年報）,25.53
101,,,,,,,欄位未定義,0.0,,就業,新北市政府主計處,就業者行業結構－農業及工業,2012,percent6,是（欄位說明僅存於新北市統計年報）,0.0
101,,,,,,,欄位未定義,0.0,,就業,新北市政府主計處,就業者行業結構－農業及工業,2012,percent7,是（欄位說明僅存於新北市統計年報）,0.0
101,,,,,,,欄位未定義,0.0,,就業,新北市政府主計處,就業者行業結構－農業及工業,2012,percent8,是（欄位說明僅存於新北市統計年報）,27.92
101,,,,,,,欄位未定義,0.0,,就業,新北市政府主計處,就業者行業結構－農業及工業,2012,percent9,是（欄位說明僅存於新北市統計年報）,22.7
101,,,,,,,欄位未定義,0.0,,就業,新北市政府主計處,就業者行業結構－農業及工業,2012,percent10,是（欄位說明僅存於新北市統計年報）,0.38
101,,,,,,,欄位未定義,0.0,,就業,新北市政府主計處,就業者行業結構－農業及工業,2012,percent11,是（欄位說明僅存於新北市統計年報）,0.12
101,,,,,,,欄位未定義,0.0,,就業,新北市政府主計處,就業者行業結構－農業及工業,2012,percent12,是（欄位說明僅存於新北市統計年報）,1.24
101,,,,,,,欄位未定義,0.0,,就業,新北市政府主計處,就業者行業結構－農業及工業,2012,percent13,是（欄位說明僅存於新北市統計年報）,0.47
101,,,,,,,欄位未定義,0.0,,就業,新北市政府主計處,就業者行業結構－農業及工業,2012,percent14,是（欄位說明僅存於新北市統計年報）,13.96
101,,,,,,,欄位未定義,0.0,,就業,新北市政府主計處,就業者行業結構－農業及工業,2012,percent15,是（欄位說明僅存於新北市統計年報）,2.25
101,,,,,,,欄位未定義,0.0,,就業,新北市政府主計處,就業輔導,2012,person2,是（欄位說明僅存於新北市統計年報）,15333.0
101,,,,,,,欄位未定義,0.0,,就業,新北市政府主計處,就業輔導,2012,person3,是（欄位說明僅存於新北市統計年報）,16392.0
101,,,,,,,欄位未定義,0.0,,就業,新北市政府主計處,就業輔導,2012,person4,是（欄位說明僅存於新北市統計年報）,0.0
101,,,,,,,欄位未定義,0.0,,就業,新北市政府主計處,就業輔導,2012,person5,是（欄位說明僅存於新北市統計年報）,0.0
101,,,,,,,欄位未定義,0.0,,就業,新北市政府主計處,就業輔導,2012,person6,是（欄位說明僅存於新北市統計年報）,66383.0
101,,,,,,,欄位未定義,0.0,,就業,新北市政府主計處,就業輔導,2012,person7,是（欄位說明僅存於新北市統計年報）,9432.0
101,,,,,,,欄位未定義,0.0,,就業,新北市政府主計處,就業輔導,2012,person8,是（欄位說明僅存於新北市統計年報）,9809.0
101,,,,,,,欄位未定義,0.0,,就業,新北市政府主計處,就業輔導,2012,person9,是（欄位說明僅存於新北市統計年報）,0.0
101,,,,,,,欄位未定義,0.0,,就業,新北市政府主計處,就業輔導,2012,person10,是（欄位說明僅存於新北市統計年報）,0.0
101,,,,,,,欄位未定義,0.0,,就業,新北市政府主計處,就業輔導,2012,person11,是（欄位說明僅存於新北市統計年報）,38881.0
101,,,,,,,欄位未定義,0.0,,就業,新北市政府主計處,職業訓練,2012,item value2,是（欄位說明僅存於新北市統計年報）,1764.0
101,,,,,,,欄位未定義,0.0,,就業,新北市政府主計處,職業訓練,2012,item value3,是（欄位說明僅存於新北市統計年報）,2438.0
101,,,,,,,欄位未定義,0.0,,就業,新北市政府主計處,職業訓練,2012,item value4,是（欄位說明僅存於新北市統計年報）,941.0
101,,,,,,,欄位未定義,0.0,,就業,新北市政府主計處,職業訓練,2012,item value5,是（欄位說明僅存於新北市統計年報）,1740.0
101,,,,,,,欄位未定義,0.0,,就業,新北市政府主計處,職業訓練,2012,item value6,是（欄位說明僅存於新北市統計年報）,288.0
101,,,,,,,欄位未定義,0.0,,就業,新北市政府主計處,職業訓練,2012,item value7,是（欄位說明僅存於新北市統計年報）,627.0
101,,,,,,,欄位未定義,0.0,,就業,新北市政府主計處,職業訓練,2012,item value8,是（欄位說明僅存於新北市統計年報）,1565.0
101,,,,,,,欄位未定義,0.0,,就業,新北市政府主計處,職業訓練,2012,item value9,是（欄位說明僅存於新北市統計年報）,3613.0
101,,,,,,,欄位未定義,0.0,,就業,新北市政府主計處,職業訓練,2012,item value10,是（欄位說明僅存於新北市統計年報）,945.0
101,,,,,,,欄位未定義,0.0,,就業,新北市政府主計處,職業訓練,2012,item value11,是（欄位說明僅存於新北市統計年報）,1129.0
101,,,,,,,欄位未定義,0.0,,居住,新北市政府主計處,住宅補貼申請,2012,itemvalue2,是（欄位說明僅存於新北市統計年報）,11899.0
101,,,,,,,欄位未定義,0.0,,居住,新北市政府主計處,住宅補貼申請,2012,itemvalue3,是（欄位說明僅存於新北市統計年報）,43.0655085052
101,,,,,,,欄位未定義,0.0,,居住,新北市政府主計處,住宅補貼申請,2012,itemvalue4,是（欄位說明僅存於新北市統計年報）,15731.0
101,,,,,,,欄位未定義,0.0,,居住,新北市政府主計處,住宅補貼申請,2012,itemvalue5,是（欄位說明僅存於新北市統計年報）,56.9344914948
101,,,,,,,欄位未定義,0.0,,居住,新北市政府主計處,住宅補貼申請,2012,itemvalue6,是（欄位說明僅存於新北市統計年報）,11321.0
101,,,,,,,欄位未定義,0.0,,居住,新北市政府主計處,住宅補貼申請,2012,itemvalue7,是（欄位說明僅存於新北市統計年報）,15043.0
101,,,,,,,欄位未定義,0.0,,居住,新北市政府主計處,住宅補貼申請,2012,itemvalue8,是（欄位說明僅存於新北市統計年報）,334.0
101,,,,,,,欄位未定義,0.0,,居住,新北市政府主計處,住宅補貼申請,2012,itemvalue9,是（欄位說明僅存於新北市統計年報）,421.0
101,,,,,,,欄位未定義,0.0,,居住,新北市政府主計處,住宅補貼申請,2012,itemvalue10,是（欄位說明僅存於新北市統計年報）,244.0
101,,,,,,,欄位未定義,0.0,,居住,新北市政府主計處,住宅補貼申請,2012,itemvalue11,是（欄位說明僅存於新北市統計年報）,267.0
101,,,,,,,欄位未定義,0.0,,居住,新北市政府主計處,房屋稅及地價稅開徵概況,2012,percent2,是（欄位說明僅存於新北市統計年報）,50.59
101,,,,,,,欄位未定義,0.0,,居住,新北市政府主計處,房屋稅及地價稅開徵概況,2012,percent3,是（欄位說明僅存於新北市統計年報）,49.41
101,,,,,,,欄位未定義,0.0,,居住,新北市政府主計處,房屋稅及地價稅開徵概況,2012,percent4,是（欄位說明僅存於新北市統計年報）,52.36
101,,,,,,,欄位未定義,0.0,,居住,新北市政府主計處,房屋稅及地價稅開徵概況,2012,percent5,是（欄位說明僅存於新北市統計年報）,47.64
101,,,,,,,欄位未定義,0.0,,居住,新北市政府主計處,房屋稅及地價稅開徵概況,2012,percent6,是（欄位說明僅存於新北市統計年報）,49.29
101,,,,,,,欄位未定義,0.0,,居住,新北市政府主計處,房屋稅及地價稅開徵概況,2012,percent7,是（欄位說明僅存於新北市統計年報）,50.71
101,,,,,,,欄位未定義,0.0,,居住,新北市政府主計處,房屋稅及地價稅開徵概況,2012,percent8,是（欄位說明僅存於新北市統計年報）,49.52
101,,,,,,,欄位未定義,0.0,,居住,新北市政府主計處,房屋稅及地價稅開徵概況,2012,percent9,是（欄位說明僅存於新北市統計年報）,50.48
101,,,,,,,欄位未定義,0.0,,居住,新北市政府主計處,房屋稅及地價稅開徵概況,2012,percent10,是（欄位說明僅存於新北市統計年報）,63.57
101,,,,,,,欄位未定義,0.0,,居住,新北市政府主計處,房屋稅及地價稅開徵概況,2012,percent11,是（欄位說明僅存於新北市統計年報）,36.43
101,,,,,,,欄位未定義,0.0,,居住,新北市政府主計處,房屋稅及地價稅開徵概況,2012,percent12,是（欄位說明僅存於新北市統計年報）,57.49
101,,,,,,,欄位未定義,0.0,,居住,新北市政府主計處,房屋稅及地價稅開徵概況,2012,percent13,是（欄位說明僅存於新北市統計年報）,42.51
101,,,,,,,欄位未定義,0.0,,居住,新北市政府主計處,房屋稅及地價稅開徵概況,2012,percent14,是（欄位說明僅存於新北市統計年報）,64.2
101,,,,,,,欄位未定義,0.0,,居住,新北市政府主計處,房屋稅及地價稅開徵概況,2012,percent15,是（欄位說明僅存於新北市統計年報）,35.8
101,,,,,,,欄位未定義,0.0,,居住,新北市政府地政局,新北市大陸地區人民法人團體或陸資公司取得(設定或移轉)不動產權利統計表,101,field2_quantity,是（欄位說明僅存於新北市統計年報）,8.0
101,,,,,,,欄位未定義,0.0,,居住,新北市政府地政局,新北市大陸地區人民法人團體或陸資公司取得(設定或移轉)不動產權利統計表,101,field2_quantity,是（欄位說明僅存於新北市統計年報）,8.0
101,,,,,,,欄位未定義,0.0,,居住,新北市政府地政局,新北市大陸地區人民法人團體或陸資公司取得(設定或移轉)不動產權利統計表,101,field3_area,是（欄位說明僅存於新北市統計年報）,202.68
101,,,,,,,欄位未定義,0.0,,居住,新北市政府地政局,新北市大陸地區人民法人團體或陸資公司取得(設定或移轉)不動產權利統計表,101,field3_area,是（欄位說明僅存於新北市統計年報）,202.68
101,,,,,,,欄位未定義,0.0,,居住,新北市政府地政局,新北市大陸地區人民法人團體或陸資公司取得(設定或移轉)不動產權利統計表,101,field4_quantity,是（欄位說明僅存於新北市統計年報）,5.0
101,,,,,,,欄位未定義,0.0,,居住,新北市政府地政局,新北市大陸地區人民法人團體或陸資公司取得(設定或移轉)不動產權利統計表,101,field4_quantity,是（欄位說明僅存於新北市統計年報）,5.0
101,,,,,,,欄位未定義,0.0,,居住,新北市政府地政局,新北市大陸地區人民法人團體或陸資公司取得(設定或移轉)不動產權利統計表,101,field5_area,是（欄位說明僅存於新北市統計年報）,731.44
101,,,,,,,欄位未定義,0.0,,居住,新北市政府地政局,新北市大陸地區人民法人團體或陸資公司取得(設定或移轉)不動產權利統計表,101,field5_area,是（欄位說明僅存於新北市統計年報）,731.44
101,,,,,,,欄位未定義,0.0,,居住,新北市政府城鄉發展局,新北市歷年住宅補貼受理情形統計表,2012,rent_project_num,是（欄位說明僅存於新北市統計年報）,4480.0
101,,,,,,,欄位未定義,0.0,,居住,新北市政府城鄉發展局,新北市歷年住宅補貼受理情形統計表,2012,rent_apply_num,是（欄位說明僅存於新北市統計年報）,26364.0
101,,,,,,,欄位未定義,0.0,,居住,新北市政府城鄉發展局,新北市歷年住宅補貼受理情形統計表,2012,rent_ok_num,是（欄位說明僅存於新北市統計年報）,4955.0
101,,,,,,,欄位未定義,0.0,,居住,新北市政府城鄉發展局,新北市歷年住宅補貼受理情形統計表,2012,rent_ok_num_percentage,是（欄位說明僅存於新北市統計年報）,18.79
101,,,,,,,欄位未定義,0.0,,居住,新北市政府城鄉發展局,新北市歷年住宅補貼受理情形統計表,2012,purchase_project_num,是（欄位說明僅存於新北市統計年報）,1867.0
101,,,,,,,欄位未定義,0.0,,居住,新北市政府城鄉發展局,新北市歷年住宅補貼受理情形統計表,2012,purchase_apply_num,是（欄位說明僅存於新北市統計年報）,755.0
101,,,,,,,欄位未定義,0.0,,居住,新北市政府城鄉發展局,新北市歷年住宅補貼受理情形統計表,2012,purchase_ok_num,是（欄位說明僅存於新北市統計年報）,489.0
101,,,,,,,欄位未定義,0.0,,居住,新北市政府城鄉發展局,新北市歷年住宅補貼受理情形統計表,2012,purchase_ok_num_percentage,是（欄位說明僅存於新北市統計年報）,64.77
101,,,,,,,欄位未定義,0.0,,居住,新北市政府城鄉發展局,新北市歷年住宅補貼受理情形統計表,2012,repair_project_num,是（欄位說明僅存於新北市統計年報）,874.0
101,,,,,,,欄位未定義,0.0,,居住,新北市政府城鄉發展局,新北市歷年住宅補貼受理情形統計表,2012,repair_apply_num,是（欄位說明僅存於新北市統計年報）,511.0
101,,,,,,,欄位未定義,0.0,,居住,新北市政府城鄉發展局,新北市歷年住宅補貼受理情形統計表,2012,repair_ok_num,是（欄位說明僅存於新北市統計年報）,313.0
101,,,,,,,欄位未定義,0.0,,居住,新北市政府城鄉發展局,新北市歷年住宅補貼受理情形統計表,2012,repair_ok_num_percentage,是（欄位說明僅存於新北市統計年報）,61.25
101,,,,,,,欄位未定義,0.0,,教育,新北市政府主計處,依性別平等教育法申訴案件－被行為人學校程度別,2012,itemvalue2,是（欄位說明僅存於新北市統計年報）,232.0
101,,,,,,,欄位未定義,0.0,,教育,新北市政府主計處,依性別平等教育法申訴案件－被行為人學校程度別,2012,itemvalue3,是（欄位說明僅存於新北市統計年報）,888.0
101,,,,,,,欄位未定義,0.0,,教育,新北市政府主計處,依性別平等教育法申訴案件－被行為人學校程度別,2012,itemvalue4,是（欄位說明僅存於新北市統計年報）,99.0
101,,,,,,,欄位未定義,0.0,,教育,新北市政府主計處,依性別平等教育法申訴案件－被行為人學校程度別,2012,itemvalue5,是（欄位說明僅存於新北市統計年報）,245.0
101,,,,,,,欄位未定義,0.0,,教育,新北市政府主計處,依性別平等教育法申訴案件－被行為人學校程度別,2012,itemvalue6,是（欄位說明僅存於新北市統計年報）,126.0
101,,,,,,,欄位未定義,0.0,,教育,新北市政府主計處,依性別平等教育法申訴案件－被行為人學校程度別,2012,itemvalue7,是（欄位說明僅存於新北市統計年報）,600.0
101,,,,,,,欄位未定義,0.0,,教育,新北市政府主計處,依性別平等教育法申訴案件－被行為人學校程度別,2012,itemvalue8,是（欄位說明僅存於新北市統計年報）,7.0
101,,,,,,,欄位未定義,0.0,,教育,新北市政府主計處,依性別平等教育法申訴案件－被行為人學校程度別,2012,itemvalue9,是（欄位說明僅存於新北市統計年報）,43.0
101,,,,,,,欄位未定義,0.0,,教育,新北市政府主計處,依性別平等教育法申訴案件－被行為人學校程度別,2012,itemvalue10,是（欄位說明僅存於新北市統計年報）,20.7142857143
101,,,,,,,欄位未定義,0.0,,教育,新北市政府主計處,依性別平等教育法申訴案件－被行為人學校程度別,2012,itemvalue11,是（欄位說明僅存於新北市統計年報）,79.2857142857
101,,,,,,,欄位未定義,0.0,,教育,新北市政府主計處,依性別平等教育法申訴案件－被行為人學校程度別,2012,itemvalue12,是（欄位說明僅存於新北市統計年報）,28.7790697674
101,,,,,,,欄位未定義,0.0,,教育,新北市政府主計處,依性別平等教育法申訴案件－被行為人學校程度別,2012,itemvalue13,是（欄位說明僅存於新北市統計年報）,71.2209302326
101,,,,,,,欄位未定義,0.0,,教育,新北市政府主計處,依性別平等教育法申訴案件－被行為人學校程度別,2012,itemvalue14,是（欄位說明僅存於新北市統計年報）,17.3553719008
101,,,,,,,欄位未定義,0.0,,教育,新北市政府主計處,依性別平等教育法申訴案件－被行為人學校程度別,2012,itemvalue15,是（欄位說明僅存於新北市統計年報）,82.6446280992
101,,,,,,,欄位未定義,0.0,,教育,新北市政府主計處,依性別平等教育法申訴案件－被行為人學校程度別,2012,itemvalue16,是（欄位說明僅存於新北市統計年報）,14.0
101,,,,,,,欄位未定義,0.0,,教育,新北市政府主計處,依性別平等教育法申訴案件－被行為人學校程度別,2012,itemvalue17,是（欄位說明僅存於新北市統計年報）,86.0
101,,,,,,,欄位未定義,0.0,,教育,新北市政府主計處,公教職員教育程度結構,2012,itemvalue2,是（欄位說明僅存於新北市統計年報）,96.7
101,,,,,,,欄位未定義,0.0,,教育,新北市政府主計處,公教職員教育程度結構,2012,itemvalue3,是（欄位說明僅存於新北市統計年報）,98.15
101,,,,,,,欄位未定義,0.0,,教育,新北市政府主計處,公教職員教育程度結構,2012,itemvalue4,是（欄位說明僅存於新北市統計年報）,3.27
101,,,,,,,欄位未定義,0.0,,教育,新北市政府主計處,公教職員教育程度結構,2012,itemvalue5,是（欄位說明僅存於新北市統計年報）,1.81
101,,,,,,,欄位未定義,0.0,,教育,新北市政府主計處,公教職員教育程度結構,2012,itemvalue6,是（欄位說明僅存於新北市統計年報）,0.03
101,,,,,,,欄位未定義,0.0,,教育,新北市政府主計處,公教職員教育程度結構,2012,itemvalue7,是（欄位說明僅存於新北市統計年報）,0.04
101,,,,,,,欄位未定義,0.0,,教育,新北市政府主計處,公教職員教育程度結構,2012,itemvalue8,是（欄位說明僅存於新北市統計年報）,95.08
101,,,,,,,欄位未定義,0.0,,教育,新北市政府主計處,公教職員教育程度結構,2012,itemvalue9,是（欄位說明僅存於新北市統計年報）,94.38
101,,,,,,,欄位未定義,0.0,,教育,新北市政府主計處,公教職員教育程度結構,2012,itemvalue10,是（欄位說明僅存於新北市統計年報）,4.88
101,,,,,,,欄位未定義,0.0,,教育,新北市政府主計處,公教職員教育程度結構,2012,itemvalue11,是（欄位說明僅存於新北市統計年報）,5.5
101,,,,,,,欄位未定義,0.0,,教育,新北市政府主計處,公教職員教育程度結構,2012,itemvalue12,是（欄位說明僅存於新北市統計年報）,0.04
101,,,,,,,欄位未定義,0.0,,教育,新北市政府主計處,公教職員教育程度結構,2012,itemvalue13,是（欄位說明僅存於新北市統計年報）,0.12
101,,,,,,,欄位未定義,0.0,,教育,新北市政府主計處,刑事案件嫌疑犯－教育程度別,2012,item value2,是（欄位說明僅存於新北市統計年報）,41766.0
101,,,,,,,欄位未定義,0.0,,教育,新北市政府主計處,刑事案件嫌疑犯－教育程度別,2012,item value3,是（欄位說明僅存於新北市統計年報）,8848.0
101,,,,,,,欄位未定義,0.0,,教育,新北市政府主計處,刑事案件嫌疑犯－教育程度別,2012,item value4,是（欄位說明僅存於新北市統計年報）,136.0
101,,,,,,,欄位未定義,0.0,,教育,新北市政府主計處,刑事案件嫌疑犯－教育程度別,2012,item value5,是（欄位說明僅存於新北市統計年報）,104.0
101,,,,,,,欄位未定義,0.0,,教育,新北市政府主計處,刑事案件嫌疑犯－教育程度別,2012,item value6,是（欄位說明僅存於新北市統計年報）,22.0
101,,,,,,,欄位未定義,0.0,,教育,新北市政府主計處,刑事案件嫌疑犯－教育程度別,2012,item value7,是（欄位說明僅存於新北市統計年報）,8.0
101,,,,,,,欄位未定義,0.0,,教育,新北市政府主計處,刑事案件嫌疑犯－教育程度別,2012,item value8,是（欄位說明僅存於新北市統計年報）,2620.0
101,,,,,,,欄位未定義,0.0,,教育,新北市政府主計處,刑事案件嫌疑犯－教育程度別,2012,item value9,是（欄位說明僅存於新北市統計年報）,774.0
101,,,,,,,欄位未定義,0.0,,教育,新北市政府主計處,刑事案件嫌疑犯－教育程度別,2012,item value10,是（欄位說明僅存於新北市統計年報）,14282.0
101,,,,,,,欄位未定義,0.0,,教育,新北市政府主計處,刑事案件嫌疑犯－教育程度別,2012,item value11,是（欄位說明僅存於新北市統計年報）,2186.0
101,,,,,,,欄位未定義,0.0,,教育,新北市政府主計處,刑事案件嫌疑犯－教育程度別,2012,item value12,是（欄位說明僅存於新北市統計年報）,21168.0
101,,,,,,,欄位未定義,0.0,,教育,新北市政府主計處,刑事案件嫌疑犯－教育程度別,2012,item value13,是（欄位說明僅存於新北市統計年報）,4720.0
101,,,,,,,欄位未定義,0.0,,教育,新北市政府主計處,刑事案件嫌疑犯－教育程度別,2012,item value14,是（欄位說明僅存於新北市統計年報）,3339.0
101,,,,,,,欄位未定義,0.0,,教育,新北市政府主計處,刑事案件嫌疑犯－教育程度別,2012,item value15,是（欄位說明僅存於新北市統計年報）,1009.0
101,,,,,,,欄位未定義,0.0,,教育,新北市政府主計處,刑事案件嫌疑犯－教育程度別,2012,item value16,是（欄位說明僅存於新北市統計年報）,164.0
101,,,,,,,欄位未定義,0.0,,教育,新北市政府主計處,刑事案件嫌疑犯－教育程度別,2012,item value17,是（欄位說明僅存於新北市統計年報）,40.0
101,,,,,,,欄位未定義,0.0,,教育,新北市政府主計處,刑事案件嫌疑犯－教育程度別,2012,item value18,是（欄位說明僅存於新北市統計年報）,35.0
101,,,,,,,欄位未定義,0.0,,教育,新北市政府主計處,刑事案件嫌疑犯－教育程度別,2012,item value19,是（欄位說明僅存於新北市統計年報）,7.0
101,,,,,,,欄位未定義,0.0,,教育,新北市政府主計處,原住民族教育,2012,itemvalue2,是（欄位說明僅存於新北市統計年報）,4873.0
101,,,,,,,欄位未定義,0.0,,教育,新北市政府主計處,原住民族教育,2012,itemvalue3,是（欄位說明僅存於新北市統計年報）,50.4608056332
101,,,,,,,欄位未定義,0.0,,教育,新北市政府主計處,原住民族教育,2012,itemvalue4,是（欄位說明僅存於新北市統計年報）,4784.0
101,,,,,,,欄位未定義,0.0,,教育,新北市政府主計處,原住民族教育,2012,itemvalue5,是（欄位說明僅存於新北市統計年報）,49.5391943668
101,,,,,,,欄位未定義,0.0,,教育,新北市政府主計處,原住民族教育,2012,itemvalue6,是（欄位說明僅存於新北市統計年報）,2585.0
101,,,,,,,欄位未定義,0.0,,教育,新北市政府主計處,原住民族教育,2012,itemvalue7,是（欄位說明僅存於新北市統計年報）,51.4530254777
101,,,,,,,欄位未定義,0.0,,教育,新北市政府主計處,原住民族教育,2012,itemvalue8,是（欄位說明僅存於新北市統計年報）,2439.0
101,,,,,,,欄位未定義,0.0,,教育,新北市政府主計處,原住民族教育,2012,itemvalue9,是（欄位說明僅存於新北市統計年報）,48.5469745223
101,,,,,,,欄位未定義,0.0,,教育,新北市政府主計處,原住民族教育,2012,itemvalue10,是（欄位說明僅存於新北市統計年報）,1418.0
101,,,,,,,欄位未定義,0.0,,教育,新北市政府主計處,原住民族教育,2012,itemvalue11,是（欄位說明僅存於新北市統計年報）,49.6672504378
101,,,,,,,欄位未定義,0.0,,教育,新北市政府主計處,原住民族教育,2012,itemvalue12,是（欄位說明僅存於新北市統計年報）,1437.0
101,,,,,,,欄位未定義,0.0,,教育,新北市政府主計處,原住民族教育,2012,itemvalue13,是（欄位說明僅存於新北市統計年報）,50.3327495622
101,,,,,,,欄位未定義,0.0,,教育,新北市政府主計處,原住民族教育,2012,itemvalue14,是（欄位說明僅存於新北市統計年報）,357.0
101,,,,,,,欄位未定義,0.0,,教育,新北市政府主計處,原住民族教育,2012,itemvalue15,是（欄位說明僅存於新北市統計年報）,49.7907949791
101,,,,,,,欄位未定義,0.0,,教育,新北市政府主計處,原住民族教育,2012,itemvalue16,是（欄位說明僅存於新北市統計年報）,360.0
101,,,,,,,欄位未定義,0.0,,教育,新北市政府主計處,原住民族教育,2012,itemvalue17,是（欄位說明僅存於新北市統計年報）,50.2092050209
101,,,,,,,欄位未定義,0.0,,教育,新北市政府主計處,原住民族教育,2012,itemvalue18,是（欄位說明僅存於新北市統計年報）,513.0
101,,,,,,,欄位未定義,0.0,,教育,新北市政府主計處,原住民族教育,2012,itemvalue19,是（欄位說明僅存於新北市統計年報）,48.3506126296
101,,,,,,,欄位未定義,0.0,,教育,新北市政府主計處,原住民族教育,2012,itemvalue20,是（欄位說明僅存於新北市統計年報）,548.0
101,,,,,,,欄位未定義,0.0,,教育,新北市政府主計處,原住民族教育,2012,itemvalue21,是（欄位說明僅存於新北市統計年報）,51.6493873704
101,,,,,,,欄位未定義,0.0,,教育,新北市政府主計處,原住民族教育,2012,itemvalue22,是（欄位說明僅存於新北市統計年報）,8.0
101,,,,,,,欄位未定義,0.0,,教育,新北市政府主計處,原住民族教育,2012,itemvalue23,是（欄位說明僅存於新北市統計年報）,6.0
101,,,,,,,欄位未定義,0.0,,教育,新北市政府主計處,原住民族教育,2012,itemvalue24,是（欄位說明僅存於新北市統計年報）,45.0
101,,,,,,,欄位未定義,0.0,,教育,新北市政府主計處,原住民族教育,2012,itemvalue25,是（欄位說明僅存於新北市統計年報）,43.0
101,,,,,,,欄位未定義,0.0,,教育,新北市政府主計處,國中教育(續),2012,itemvalue2,是（欄位說明僅存於新北市統計年報）,3056.0
101,,,,,,,欄位未定義,0.0,,教育,新北市政府主計處,國中教育(續),2012,itemvalue3,是（欄位說明僅存於新北市統計年報）,49.6749024707
101,,,,,,,欄位未定義,0.0,,教育,新北市政府主計處,國中教育(續),2012,itemvalue4,是（欄位說明僅存於新北市統計年報）,3096.0
101,,,,,,,欄位未定義,0.0,,教育,新北市政府主計處,國中教育(續),2012,itemvalue5,是（欄位說明僅存於新北市統計年報）,50.3250975293
101,,,,,,,欄位未定義,0.0,,教育,新北市政府主計處,國中教育(續),2012,itemvalue6,是（欄位說明僅存於新北市統計年報）,444.0
101,,,,,,,欄位未定義,0.0,,教育,新北市政府主計處,國中教育(續),2012,itemvalue7,是（欄位說明僅存於新北市統計年報）,48.2084690554
101,,,,,,,欄位未定義,0.0,,教育,新北市政府主計處,國中教育(續),2012,itemvalue8,是（欄位說明僅存於新北市統計年報）,477.0
101,,,,,,,欄位未定義,0.0,,教育,新北市政府主計處,國中教育(續),2012,itemvalue9,是（欄位說明僅存於新北市統計年報）,51.7915309446
101,,,,,,,欄位未定義,0.0,,教育,新北市政府主計處,國中教育(續),2012,itemvalue10,是（欄位說明僅存於新北市統計年報）,51359.0
101,,,,,,,欄位未定義,0.0,,教育,新北市政府主計處,國中教育(續),2012,itemvalue11,是（欄位說明僅存於新北市統計年報）,49870.0
101,,,,,,,欄位未定義,0.0,,教育,新北市政府主計處,國中教育(續),2012,itemvalue12,是（欄位說明僅存於新北市統計年報）,75.9018695042
101,,,,,,,欄位未定義,0.0,,教育,新北市政府主計處,國中教育(續),2012,itemvalue13,是（欄位說明僅存於新北市統計年報）,79.1248195218
101,,,,,,,欄位未定義,0.0,,教育,新北市政府主計處,國中教育(續),2012,itemvalue14,是（欄位說明僅存於新北市統計年報）,97.1039085921
101,,,,,,,欄位未定義,0.0,,教育,新北市政府主計處,國中教育(續),2012,itemvalue15,是（欄位說明僅存於新北市統計年報）,98.9435552322
101,,,,,,,欄位未定義,0.0,,教育,新北市政府主計處,國中教育,2012,itemvalue2,是（欄位說明僅存於新北市統計年報）,2026.0
101,,,,,,,欄位未定義,0.0,,教育,新北市政府主計處,國中教育,2012,itemvalue3,是（欄位說明僅存於新北市統計年報）,29.4648051193
101,,,,,,,欄位未定義,0.0,,教育,新北市政府主計處,國中教育,2012,itemvalue4,是（欄位說明僅存於新北市統計年報）,4850.0
101,,,,,,,欄位未定義,0.0,,教育,新北市政府主計處,國中教育,2012,itemvalue5,是（欄位說明僅存於新北市統計年報）,70.5351948807
101,,,,,,,欄位未定義,0.0,,教育,新北市政府主計處,國中教育,2012,itemvalue6,是（欄位說明僅存於新北市統計年報）,68393.0
101,,,,,,,欄位未定義,0.0,,教育,新北市政府主計處,國中教育,2012,itemvalue7,是（欄位說明僅存於新北市統計年報）,51.7329278993
101,,,,,,,欄位未定義,0.0,,教育,新北市政府主計處,國中教育,2012,itemvalue8,是（欄位說明僅存於新北市統計年報）,63811.0
101,,,,,,,欄位未定義,0.0,,教育,新北市政府主計處,國中教育,2012,itemvalue9,是（欄位說明僅存於新北市統計年報）,48.2670721007
101,,,,,,,欄位未定義,0.0,,教育,新北市政府主計處,國中教育,2012,itemvalue10,是（欄位說明僅存於新北市統計年報）,39.0
101,,,,,,,欄位未定義,0.0,,教育,新北市政府主計處,國中教育,2012,itemvalue11,是（欄位說明僅存於新北市統計年報）,27.0
101,,,,,,,欄位未定義,0.0,,教育,新北市政府主計處,國中教育,2012,itemvalue12,是（欄位說明僅存於新北市統計年報）,144.4444444444
101,,,,,,,欄位未定義,0.0,,教育,新北市政府主計處,國小教育(續),2012,itemvalue2,是（欄位說明僅存於新北市統計年報）,14868.0
101,,,,,,,欄位未定義,0.0,,教育,新北市政府主計處,國小教育(續),2012,itemvalue3,是（欄位說明僅存於新北市統計年報）,52.4130151232
101,,,,,,,欄位未定義,0.0,,教育,新北市政府主計處,國小教育(續),2012,itemvalue4,是（欄位說明僅存於新北市統計年報）,13499.0
101,,,,,,,欄位未定義,0.0,,教育,新北市政府主計處,國小教育(續),2012,itemvalue5,是（欄位說明僅存於新北市統計年報）,47.5869848768
101,,,,,,,欄位未定義,0.0,,教育,新北市政府主計處,國小教育(續),2012,itemvalue6,是（欄位說明僅存於新北市統計年報）,63.0
101,,,,,,,欄位未定義,0.0,,教育,新北市政府主計處,國小教育(續),2012,itemvalue7,是（欄位說明僅存於新北市統計年報）,53.8461538462
101,,,,,,,欄位未定義,0.0,,教育,新北市政府主計處,國小教育(續),2012,itemvalue8,是（欄位說明僅存於新北市統計年報）,54.0
101,,,,,,,欄位未定義,0.0,,教育,新北市政府主計處,國小教育(續),2012,itemvalue9,是（欄位說明僅存於新北市統計年報）,46.1538461538
101,,,,,,,欄位未定義,0.0,,教育,新北市政府主計處,國小教育(續),2012,itemvalue10,是（欄位說明僅存於新北市統計年報）,62005.0
101,,,,,,,欄位未定義,0.0,,教育,新北市政府主計處,國小教育(續),2012,itemvalue11,是（欄位說明僅存於新北市統計年報）,57677.0
101,,,,,,,欄位未定義,0.0,,教育,新北市政府主計處,國小教育(續),2012,itemvalue12,是（欄位說明僅存於新北市統計年報）,52.9102560821
101,,,,,,,欄位未定義,0.0,,教育,新北市政府主計處,國小教育(續),2012,itemvalue13,是（欄位說明僅存於新北市統計年報）,54.0097387396
101,,,,,,,欄位未定義,0.0,,教育,新北市政府主計處,國小教育(續),2012,itemvalue14,是（欄位說明僅存於新北市統計年報）,99.4437197559
101,,,,,,,欄位未定義,0.0,,教育,新北市政府主計處,國小教育(續),2012,itemvalue15,是（欄位說明僅存於新北市統計年報）,102.1405768486
101,,,,,,,欄位未定義,0.0,,教育,新北市政府主計處,國小教育,2012,itemvalue2,是（欄位說明僅存於新北市統計年報）,4201.0
101,,,,,,,欄位未定義,0.0,,教育,新北市政府主計處,國小教育,2012,itemvalue3,是（欄位說明僅存於新北市統計年報）,27.4916563052
101,,,,,,,欄位未定義,0.0,,教育,新北市政府主計處,國小教育,2012,itemvalue4,是（欄位說明僅存於新北市統計年報）,11080.0
101,,,,,,,欄位未定義,0.0,,教育,新北市政府主計處,國小教育,2012,itemvalue5,是（欄位說明僅存於新北市統計年報）,72.5083436948
101,,,,,,,欄位未定義,0.0,,教育,新北市政府主計處,國小教育,2012,itemvalue6,是（欄位說明僅存於新北市統計年報）,117929.0
101,,,,,,,欄位未定義,0.0,,教育,新北市政府主計處,國小教育,2012,itemvalue7,是（欄位說明僅存於新北市統計年報）,52.3584361153
101,,,,,,,欄位未定義,0.0,,教育,新北市政府主計處,國小教育,2012,itemvalue8,是（欄位說明僅存於新北市統計年報）,107305.0
101,,,,,,,欄位未定義,0.0,,教育,新北市政府主計處,國小教育,2012,itemvalue9,是（欄位說明僅存於新北市統計年報）,47.6415638847
101,,,,,,,欄位未定義,0.0,,教育,新北市政府主計處,國小教育,2012,itemvalue10,是（欄位說明僅存於新北市統計年報）,147.0
101,,,,,,,欄位未定義,0.0,,教育,新北市政府主計處,國小教育,2012,itemvalue11,是（欄位說明僅存於新北市統計年報）,66.0
101,,,,,,,欄位未定義,0.0,,教育,新北市政府主計處,國小教育,2012,itemvalue12,是（欄位說明僅存於新北市統計年報）,222.7272727273
101,,,,,,,欄位未定義,0.0,,教育,新北市政府主計處,國民中小學中途輟學學生概況,2012,percent2,是（欄位說明僅存於新北市統計年報）,1038.0
101,,,,,,,欄位未定義,0.0,,教育,新北市政府主計處,國民中小學中途輟學學生概況,2012,percent3,是（欄位說明僅存於新北市統計年報）,117.0
101,,,,,,,欄位未定義,0.0,,教育,新北市政府主計處,國民中小學中途輟學學生概況,2012,percent4,是（欄位說明僅存於新北市統計年報）,921.0
101,,,,,,,欄位未定義,0.0,,教育,新北市政府主計處,國民中小學中途輟學學生概況,2012,percent5,是（欄位說明僅存於新北市統計年報）,507.0
101,,,,,,,欄位未定義,0.0,,教育,新北市政府主計處,國民中小學中途輟學學生概況,2012,percent6,是（欄位說明僅存於新北市統計年報）,63.0
101,,,,,,,欄位未定義,0.0,,教育,新北市政府主計處,國民中小學中途輟學學生概況,2012,percent7,是（欄位說明僅存於新北市統計年報）,444.0
101,,,,,,,欄位未定義,0.0,,教育,新北市政府主計處,國民中小學中途輟學學生概況,2012,percent8,是（欄位說明僅存於新北市統計年報）,531.0
101,,,,,,,欄位未定義,0.0,,教育,新北市政府主計處,國民中小學中途輟學學生概況,2012,percent9,是（欄位說明僅存於新北市統計年報）,54.0
101,,,,,,,欄位未定義,0.0,,教育,新北市政府主計處,國民中小學中途輟學學生概況,2012,percent10,是（欄位說明僅存於新北市統計年報）,477.0
101,,,,,,,欄位未定義,0.0,,教育,新北市政府主計處,國民中小學中途輟學學生概況,2012,percent11,是（欄位說明僅存於新北市統計年報）,0.29
101,,,,,,,欄位未定義,0.0,,教育,新北市政府主計處,國民中小學中途輟學學生概況,2012,percent12,是（欄位說明僅存於新北市統計年報）,0.05
101,,,,,,,欄位未定義,0.0,,教育,新北市政府主計處,國民中小學中途輟學學生概況,2012,percent13,是（欄位說明僅存於新北市統計年報）,0.71
101,,,,,,,欄位未定義,0.0,,教育,新北市政府主計處,國民中小學中途輟學學生概況,2012,percent14,是（欄位說明僅存於新北市統計年報）,86.03
101,,,,,,,欄位未定義,0.0,,教育,新北市政府主計處,國民中小學中途輟學學生概況,2012,percent15,是（欄位說明僅存於新北市統計年報）,86.32
101,,,,,,,欄位未定義,0.0,,教育,新北市政府主計處,國民中小學中途輟學學生概況,2012,percent16,是（欄位說明僅存於新北市統計年報）,85.99
101,,,,,,,欄位未定義,0.0,,教育,新北市政府主計處,國民中小學中途輟學學生概況,2012,percent17,是（欄位說明僅存於新北市統計年報）,102.0
101,,,,,,,欄位未定義,0.0,,教育,新北市政府主計處,國民中小學中途輟學學生概況,2012,percent18,是（欄位說明僅存於新北市統計年報）,14.0
101,,,,,,,欄位未定義,0.0,,教育,新北市政府主計處,國民中小學中途輟學學生概況,2012,percent19,是（欄位說明僅存於新北市統計年報）,88.0
101,,,,,,,欄位未定義,0.0,,教育,新北市政府主計處,國民中小學中途輟學學生概況,2012,percent20,是（欄位說明僅存於新北市統計年報）,53.0
101,,,,,,,欄位未定義,0.0,,教育,新北市政府主計處,國民中小學中途輟學學生概況,2012,percent21,是（欄位說明僅存於新北市統計年報）,8.0
101,,,,,,,欄位未定義,0.0,,教育,新北市政府主計處,國民中小學中途輟學學生概況,2012,percent22,是（欄位說明僅存於新北市統計年報）,45.0
101,,,,,,,欄位未定義,0.0,,教育,新北市政府主計處,國民中小學中途輟學學生概況,2012,percent23,是（欄位說明僅存於新北市統計年報）,49.0
101,,,,,,,欄位未定義,0.0,,教育,新北市政府主計處,國民中小學中途輟學學生概況,2012,percent24,是（欄位說明僅存於新北市統計年報）,6.0
101,,,,,,,欄位未定義,0.0,,教育,新北市政府主計處,國民中小學中途輟學學生概況,2012,percent25,是（欄位說明僅存於新北市統計年報）,43.0
101,,,,,,,欄位未定義,0.0,,教育,新北市政府主計處,國民中小學中途輟學學生概況,2012,percent26,是（欄位說明僅存於新北市統計年報）,1.32
101,,,,,,,欄位未定義,0.0,,教育,新北市政府主計處,國民中小學中途輟學學生概況,2012,percent27,是（欄位說明僅存於新北市統計年報）,0.28
101,,,,,,,欄位未定義,0.0,,教育,新北市政府主計處,國民中小學中途輟學學生概況,2012,percent28,是（欄位說明僅存於新北市統計年報）,3.19
101,,,,,,,欄位未定義,0.0,,教育,新北市政府主計處,國民中小學中途輟學學生概況,2012,percent29,是（欄位說明僅存於新北市統計年報）,85.29
101,,,,,,,欄位未定義,0.0,,教育,新北市政府主計處,國民中小學中途輟學學生概況,2012,percent30,是（欄位說明僅存於新北市統計年報）,100.0
101,,,,,,,欄位未定義,0.0,,教育,新北市政府主計處,國民中小學中途輟學學生概況,2012,percent31,是（欄位說明僅存於新北市統計年報）,82.95
101,,,,,,,欄位未定義,0.0,,教育,新北市政府主計處,境內幼兒(稚)園概況(101學年度以後),2012 |  計,person3,是（欄位說明僅存於新北市統計年報）,1160.0
101,,,,,,,欄位未定義,0.0,,教育,新北市政府主計處,境內幼兒(稚)園概況(101學年度以後),2012 |  公立,person3,是（欄位說明僅存於新北市統計年報）,240.0
101,,,,,,,欄位未定義,0.0,,教育,新北市政府主計處,境內幼兒(稚)園概況(101學年度以後),2012 |  私立,person3,是（欄位說明僅存於新北市統計年報）,920.0
101,,,,,,,欄位未定義,0.0,,教育,新北市政府主計處,境內幼兒(稚)園概況(101學年度以後),2012 |  計,person4,是（欄位說明僅存於新北市統計年報）,7351.0
101,,,,,,,欄位未定義,0.0,,教育,新北市政府主計處,境內幼兒(稚)園概況(101學年度以後),2012 |  公立,person4,是（欄位說明僅存於新北市統計年報）,1774.0
101,,,,,,,欄位未定義,0.0,,教育,新北市政府主計處,境內幼兒(稚)園概況(101學年度以後),2012 |  私立,person4,是（欄位說明僅存於新北市統計年報）,5577.0
101,,,,,,,欄位未定義,0.0,,教育,新北市政府主計處,境內幼兒(稚)園概況(101學年度以後),2012 |  計,person5,是（欄位說明僅存於新北市統計年報）,75.0
101,,,,,,,欄位未定義,0.0,,教育,新北市政府主計處,境內幼兒(稚)園概況(101學年度以後),2012 |  公立,person5,是（欄位說明僅存於新北市統計年報）,32.0
101,,,,,,,欄位未定義,0.0,,教育,新北市政府主計處,境內幼兒(稚)園概況(101學年度以後),2012 |  私立,person5,是（欄位說明僅存於新北市統計年報）,43.0
101,,,,,,,欄位未定義,0.0,,教育,新北市政府主計處,境內幼兒(稚)園概況(101學年度以後),2012 |  計,person6,是（欄位說明僅存於新北市統計年報）,7276.0
101,,,,,,,欄位未定義,0.0,,教育,新北市政府主計處,境內幼兒(稚)園概況(101學年度以後),2012 |  公立,person6,是（欄位說明僅存於新北市統計年報）,1742.0
101,,,,,,,欄位未定義,0.0,,教育,新北市政府主計處,境內幼兒(稚)園概況(101學年度以後),2012 |  私立,person6,是（欄位說明僅存於新北市統計年報）,5534.0
101,,,,,,,欄位未定義,0.0,,教育,新北市政府主計處,境內幼兒(稚)園概況(101學年度以後),2012 |  計,person7,是（欄位說明僅存於新北市統計年報）,2185.0
101,,,,,,,欄位未定義,0.0,,教育,新北市政府主計處,境內幼兒(稚)園概況(101學年度以後),2012 |  公立,person7,是（欄位說明僅存於新北市統計年報）,518.0
101,,,,,,,欄位未定義,0.0,,教育,新北市政府主計處,境內幼兒(稚)園概況(101學年度以後),2012 |  私立,person7,是（欄位說明僅存於新北市統計年報）,1667.0
101,,,,,,,欄位未定義,0.0,,教育,新北市政府主計處,境內幼兒(稚)園概況(101學年度以後),2012 |  計,person8,是（欄位說明僅存於新北市統計年報）,558.0
101,,,,,,,欄位未定義,0.0,,教育,新北市政府主計處,境內幼兒(稚)園概況(101學年度以後),2012 |  公立,person8,是（欄位說明僅存於新北市統計年報）,25.0
101,,,,,,,欄位未定義,0.0,,教育,新北市政府主計處,境內幼兒(稚)園概況(101學年度以後),2012 |  私立,person8,是（欄位說明僅存於新北市統計年報）,533.0
101,,,,,,,欄位未定義,0.0,,教育,新北市政府主計處,境內幼兒(稚)園概況(101學年度以後),2012 |  計,person9,是（欄位說明僅存於新北市統計年報）,1627.0
101,,,,,,,欄位未定義,0.0,,教育,新北市政府主計處,境內幼兒(稚)園概況(101學年度以後),2012 |  公立,person9,是（欄位說明僅存於新北市統計年報）,493.0
101,,,,,,,欄位未定義,0.0,,教育,新北市政府主計處,境內幼兒(稚)園概況(101學年度以後),2012 |  私立,person9,是（欄位說明僅存於新北市統計年報）,1134.0
101,,,,,,,欄位未定義,0.0,,教育,新北市政府主計處,境內幼兒(稚)園概況(101學年度以後),2012 |  計,person10,是（欄位說明僅存於新北市統計年報）,72112.0
101,,,,,,,欄位未定義,0.0,,教育,新北市政府主計處,境內幼兒(稚)園概況(101學年度以後),2012 |  公立,person10,是（欄位說明僅存於新北市統計年報）,20210.0
101,,,,,,,欄位未定義,0.0,,教育,新北市政府主計處,境內幼兒(稚)園概況(101學年度以後),2012 |  私立,person10,是（欄位說明僅存於新北市統計年報）,51902.0
101,,,,,,,欄位未定義,0.0,,教育,新北市政府主計處,境內幼兒(稚)園概況(101學年度以後),2012 |  計,person11,是（欄位說明僅存於新北市統計年報）,38012.0
101,,,,,,,欄位未定義,0.0,,教育,新北市政府主計處,境內幼兒(稚)園概況(101學年度以後),2012 |  公立,person11,是（欄位說明僅存於新北市統計年報）,10412.0
101,,,,,,,欄位未定義,0.0,,教育,新北市政府主計處,境內幼兒(稚)園概況(101學年度以後),2012 |  私立,person11,是（欄位說明僅存於新北市統計年報）,27600.0
101,,,,,,,欄位未定義,0.0,,教育,新北市政府主計處,境內幼兒(稚)園概況(101學年度以後),2012 |  計,person12,是（欄位說明僅存於新北市統計年報）,34100.0
101,,,,,,,欄位未定義,0.0,,教育,新北市政府主計處,境內幼兒(稚)園概況(101學年度以後),2012 |  公立,person12,是（欄位說明僅存於新北市統計年報）,9798.0
101,,,,,,,欄位未定義,0.0,,教育,新北市政府主計處,境內幼兒(稚)園概況(101學年度以後),2012 |  私立,person12,是（欄位說明僅存於新北市統計年報）,24302.0
101,,,,,,,欄位未定義,0.0,,教育,新北市政府主計處,境內高等教育概況(大學),2012,percent2,是（欄位說明僅存於新北市統計年報）,17.0
101,,,,,,,欄位未定義,0.0,,教育,新北市政府主計處,境內高等教育概況(大學),2012,percent3,是（欄位說明僅存於新北市統計年報）,842.0
101,,,,,,,欄位未定義,0.0,,教育,新北市政府主計處,境內高等教育概況(大學),2012,percent4,是（欄位說明僅存於新北市統計年報）,2953.0
101,,,,,,,欄位未定義,0.0,,教育,新北市政府主計處,境內高等教育概況(大學),2012,percent5,是（欄位說明僅存於新北市統計年報）,688.0
101,,,,,,,欄位未定義,0.0,,教育,新北市政府主計處,境內高等教育概況(大學),2012,percent6,是（欄位說明僅存於新北市統計年報）,7871.0
101,,,,,,,欄位未定義,0.0,,教育,新北市政府主計處,境內高等教育概況(大學),2012,percent7,是（欄位說明僅存於新北市統計年報）,4073.0
101,,,,,,,欄位未定義,0.0,,教育,新北市政府主計處,境內高等教育概況(大學),2012,percent8,是（欄位說明僅存於新北市統計年報）,3798.0
101,,,,,,,欄位未定義,0.0,,教育,新北市政府主計處,境內高等教育概況(大學),2012,percent9,是（欄位說明僅存於新北市統計年報）,4831.0
101,,,,,,,欄位未定義,0.0,,教育,新北市政府主計處,境內高等教育概況(大學),2012,percent10,是（欄位說明僅存於新北市統計年報）,3165.0
101,,,,,,,欄位未定義,0.0,,教育,新北市政府主計處,境內高等教育概況(大學),2012,percent11,是（欄位說明僅存於新北市統計年報）,1666.0
101,,,,,,,欄位未定義,0.0,,教育,新北市政府主計處,境內高等教育概況(大學),2012,percent12,是（欄位說明僅存於新北市統計年報）,3040.0
101,,,,,,,欄位未定義,0.0,,教育,新北市政府主計處,境內高等教育概況(大學),2012,percent13,是（欄位說明僅存於新北市統計年報）,908.0
101,,,,,,,欄位未定義,0.0,,教育,新北市政府主計處,境內高等教育概況(大學),2012,percent14,是（欄位說明僅存於新北市統計年報）,2132.0
101,,,,,,,欄位未定義,0.0,,教育,新北市政府主計處,境內高等教育概況(大學),2012,percent15,是（欄位說明僅存於新北市統計年報）,140350.0
101,,,,,,,欄位未定義,0.0,,教育,新北市政府主計處,境內高等教育概況(大學),2012,percent16,是（欄位說明僅存於新北市統計年報）,71453.0
101,,,,,,,欄位未定義,0.0,,教育,新北市政府主計處,境內高等教育概況(大學),2012,percent17,是（欄位說明僅存於新北市統計年報）,68897.0
101,,,,,,,欄位未定義,0.0,,教育,新北市政府主計處,境內高等教育概況(大學),2012,percent18,是（欄位說明僅存於新北市統計年報）,17702.0
101,,,,,,,欄位未定義,0.0,,教育,新北市政府主計處,境內高等教育概況(大學),2012,percent19,是（欄位說明僅存於新北市統計年報）,17452.0
101,,,,,,,欄位未定義,0.0,,教育,新北市政府主計處,境內高等教育概況(大學),2012,percent20,是（欄位說明僅存於新北市統計年報）,16880.0
101,,,,,,,欄位未定義,0.0,,教育,新北市政府主計處,境內高等教育概況(大學),2012,percent21,是（欄位說明僅存於新北市統計年報）,16681.0
101,,,,,,,欄位未定義,0.0,,教育,新北市政府主計處,境內高等教育概況(大學),2012,percent22,是（欄位說明僅存於新北市統計年報）,16334.0
101,,,,,,,欄位未定義,0.0,,教育,新北市政府主計處,境內高等教育概況(大學),2012,percent23,是（欄位說明僅存於新北市統計年報）,16216.0
101,,,,,,,欄位未定義,0.0,,教育,新北市政府主計處,境內高等教育概況(大學),2012,percent24,是（欄位說明僅存於新北市統計年報）,15273.0
101,,,,,,,欄位未定義,0.0,,教育,新北市政府主計處,境內高等教育概況(大學),2012,percent25,是（欄位說明僅存於新北市統計年報）,15219.0
101,,,,,,,欄位未定義,0.0,,教育,新北市政府主計處,境內高等教育概況(大學),2012,percent26,是（欄位說明僅存於新北市統計年報）,721.0
101,,,,,,,欄位未定義,0.0,,教育,新北市政府主計處,境內高等教育概況(大學),2012,percent27,是（欄位說明僅存於新北市統計年報）,661.0
101,,,,,,,欄位未定義,0.0,,教育,新北市政府主計處,境內高等教育概況(大學),2012,percent28,是（欄位說明僅存於新北市統計年報）,34.0
101,,,,,,,欄位未定義,0.0,,教育,新北市政府主計處,境內高等教育概況(大學),2012,percent29,是（欄位說明僅存於新北市統計年報）,11.0
101,,,,,,,欄位未定義,0.0,,教育,新北市政府主計處,境內高等教育概況(大學),2012,percent30,是（欄位說明僅存於新北市統計年報）,26.0
101,,,,,,,欄位未定義,0.0,,教育,新北市政府主計處,境內高等教育概況(大學),2012,percent31,是（欄位說明僅存於新北市統計年報）,13.0
101,,,,,,,欄位未定義,0.0,,教育,新北市政府主計處,境內高等教育概況(大學),2012,percent32,是（欄位說明僅存於新北市統計年報）,4483.0
101,,,,,,,欄位未定義,0.0,,教育,新北市政府主計處,境內高等教育概況(大學),2012,percent33,是（欄位說明僅存於新北市統計年報）,2644.0
101,,,,,,,欄位未定義,0.0,,教育,新北市政府主計處,境內高等教育概況(大學),2012,percent34,是（欄位說明僅存於新北市統計年報）,14318.0
101,,,,,,,欄位未定義,0.0,,教育,新北市政府主計處,境內高等教育概況(大學),2012,percent35,是（欄位說明僅存於新北市統計年報）,7711.0
101,,,,,,,欄位未定義,0.0,,教育,新北市政府主計處,境內高等教育概況(大學),2012,percent36,是（欄位說明僅存於新北市統計年報）,6607.0
101,,,,,,,欄位未定義,0.0,,教育,新北市政府主計處,境內高等教育概況(大學),2012,percent37,是（欄位說明僅存於新北市統計年報）,6957.0
101,,,,,,,欄位未定義,0.0,,教育,新北市政府主計處,境內高等教育概況(大學),2012,percent38,是（欄位說明僅存於新北市統計年報）,6135.0
101,,,,,,,欄位未定義,0.0,,教育,新北市政府主計處,境內高等教育概況(大學),2012,percent39,是（欄位說明僅存於新北市統計年報）,754.0
101,,,,,,,欄位未定義,0.0,,教育,新北市政府主計處,境內高等教育概況(大學),2012,percent40,是（欄位說明僅存於新北市統計年報）,472.0
101,,,,,,,欄位未定義,0.0,,教育,新北市政府主計處,境內高等教育概況(大學),2012,percent41,是（欄位說明僅存於新北市統計年報）,34270.0
101,,,,,,,欄位未定義,0.0,,教育,新北市政府主計處,境內高等教育概況(大學),2012,percent42,是（欄位說明僅存於新北市統計年報）,0.0
101,,,,,,,欄位未定義,0.0,,教育,新北市政府主計處,境內高等教育概況(大學),2012,percent43,是（欄位說明僅存於新北市統計年報）,0.0
101,,,,,,,欄位未定義,0.0,,教育,新北市政府主計處,境內高等教育概況(專科),2012,itemvalue2,是（欄位說明僅存於新北市統計年報）,1.0
101,,,,,,,欄位未定義,0.0,,教育,新北市政府主計處,境內高等教育概況(專科),2012,itemvalue3,是（欄位說明僅存於新北市統計年報）,9.0
101,,,,,,,欄位未定義,0.0,,教育,新北市政府主計處,境內高等教育概況(專科),2012,itemvalue4,是（欄位說明僅存於新北市統計年報）,99.0
101,,,,,,,欄位未定義,0.0,,教育,新北市政府主計處,境內高等教育概況(專科),2012,itemvalue5,是（欄位說明僅存於新北市統計年報）,220.0
101,,,,,,,欄位未定義,0.0,,教育,新北市政府主計處,境內高等教育概況(專科),2012,itemvalue6,是（欄位說明僅存於新北市統計年報）,55.0
101,,,,,,,欄位未定義,0.0,,教育,新北市政府主計處,境內高等教育概況(專科),2012,itemvalue7,是（欄位說明僅存於新北市統計年報）,165.0
101,,,,,,,欄位未定義,0.0,,教育,新北市政府主計處,境內高等教育概況(專科),2012,itemvalue8,是（欄位說明僅存於新北市統計年報）,149.0
101,,,,,,,欄位未定義,0.0,,教育,新北市政府主計處,境內高等教育概況(專科),2012,itemvalue9,是（欄位說明僅存於新北市統計年報）,33.0
101,,,,,,,欄位未定義,0.0,,教育,新北市政府主計處,境內高等教育概況(專科),2012,itemvalue10,是（欄位說明僅存於新北市統計年報）,116.0
101,,,,,,,欄位未定義,0.0,,教育,新北市政府主計處,境內高等教育概況(專科),2012,itemvalue11,是（欄位說明僅存於新北市統計年報）,71.0
101,,,,,,,欄位未定義,0.0,,教育,新北市政府主計處,境內高等教育概況(專科),2012,itemvalue12,是（欄位說明僅存於新北市統計年報）,22.0
101,,,,,,,欄位未定義,0.0,,教育,新北市政府主計處,境內高等教育概況(專科),2012,itemvalue13,是（欄位說明僅存於新北市統計年報）,49.0
101,,,,,,,欄位未定義,0.0,,教育,新北市政府主計處,境內高等教育概況(專科),2012,itemvalue14,是（欄位說明僅存於新北市統計年報）,4648.0
101,,,,,,,欄位未定義,0.0,,教育,新北市政府主計處,境內高等教育概況(專科),2012,itemvalue15,是（欄位說明僅存於新北市統計年報）,451.0
101,,,,,,,欄位未定義,0.0,,教育,新北市政府主計處,境內高等教育概況(專科),2012,itemvalue16,是（欄位說明僅存於新北市統計年報）,4197.0
101,,,,,,,欄位未定義,0.0,,教育,新北市政府主計處,境內高等教育概況(專科),2012,itemvalue17,是（欄位說明僅存於新北市統計年報）,138.0
101,,,,,,,欄位未定義,0.0,,教育,新北市政府主計處,境內高等教育概況(專科),2012,itemvalue18,是（欄位說明僅存於新北市統計年報）,1034.0
101,,,,,,,欄位未定義,0.0,,教育,新北市政府主計處,境內高等教育概況(專科),2012,itemvalue19,是（欄位說明僅存於新北市統計年報）,90.0
101,,,,,,,欄位未定義,0.0,,教育,新北市政府主計處,境內高等教育概況(專科),2012,itemvalue20,是（欄位說明僅存於新北市統計年報）,848.0
101,,,,,,,欄位未定義,0.0,,教育,新北市政府主計處,境內高等教育概況(專科),2012,itemvalue21,是（欄位說明僅存於新北市統計年報）,76.0
101,,,,,,,欄位未定義,0.0,,教育,新北市政府主計處,境內高等教育概況(專科),2012,itemvalue22,是（欄位說明僅存於新北市統計年報）,884.0
101,,,,,,,欄位未定義,0.0,,教育,新北市政府主計處,境內高等教育概況(專科),2012,itemvalue23,是（欄位說明僅存於新北市統計年報）,78.0
101,,,,,,,欄位未定義,0.0,,教育,新北市政府主計處,境內高等教育概況(專科),2012,itemvalue24,是（欄位說明僅存於新北市統計年報）,704.0
101,,,,,,,欄位未定義,0.0,,教育,新北市政府主計處,境內高等教育概況(專科),2012,itemvalue25,是（欄位說明僅存於新北市統計年報）,60.0
101,,,,,,,欄位未定義,0.0,,教育,新北市政府主計處,境內高等教育概況(專科),2012,itemvalue26,是（欄位說明僅存於新北市統計年報）,662.0
101,,,,,,,欄位未定義,0.0,,教育,新北市政府主計處,境內高等教育概況(專科),2012,itemvalue27,是（欄位說明僅存於新北市統計年報）,9.0
101,,,,,,,欄位未定義,0.0,,教育,新北市政府主計處,境內高等教育概況(專科),2012,itemvalue28,是（欄位說明僅存於新北市統計年報）,65.0
101,,,,,,,欄位未定義,0.0,,教育,新北市政府主計處,境內高等教育概況(專科),2012,itemvalue29,是（欄位說明僅存於新北市統計年報）,518.0
101,,,,,,,欄位未定義,0.0,,教育,新北市政府主計處,境內高等教育概況(專科),2012,itemvalue30,是（欄位說明僅存於新北市統計年報）,0.0
101,,,,,,,欄位未定義,0.0,,教育,新北市政府主計處,境內高等教育概況(專科),2012,itemvalue31,是（欄位說明僅存於新北市統計年報）,0.0
101,,,,,,,欄位未定義,0.0,,教育,新北市政府主計處,境內高級中等學校教育概況(102學年度以前),2012,item value2,是（欄位說明僅存於新北市統計年報）,40.0
101,,,,,,,欄位未定義,0.0,,教育,新北市政府主計處,境內高級中等學校教育概況(102學年度以前),2012,item value3,是（欄位說明僅存於新北市統計年報）,5076.0
101,,,,,,,欄位未定義,0.0,,教育,新北市政府主計處,境內高級中等學校教育概況(102學年度以前),2012,item value4,是（欄位說明僅存於新北市統計年報）,1798.0
101,,,,,,,欄位未定義,0.0,,教育,新北市政府主計處,境內高級中等學校教育概況(102學年度以前),2012,item value5,是（欄位說明僅存於新北市統計年報）,3278.0
101,,,,,,,欄位未定義,0.0,,教育,新北市政府主計處,境內高級中等學校教育概況(102學年度以前),2012,item value6,是（欄位說明僅存於新北市統計年報）,765.0
101,,,,,,,欄位未定義,0.0,,教育,新北市政府主計處,境內高級中等學校教育概況(102學年度以前),2012,item value7,是（欄位說明僅存於新北市統計年報）,179.0
101,,,,,,,欄位未定義,0.0,,教育,新北市政府主計處,境內高級中等學校教育概況(102學年度以前),2012,item value8,是（欄位說明僅存於新北市統計年報）,586.0
101,,,,,,,欄位未定義,0.0,,教育,新北市政府主計處,境內高級中等學校教育概況(102學年度以前),2012,item value9,是（欄位說明僅存於新北市統計年報）,1133.0
101,,,,,,,欄位未定義,0.0,,教育,新北市政府主計處,境內高級中等學校教育概況(102學年度以前),2012,item value10,是（欄位說明僅存於新北市統計年報）,376.0
101,,,,,,,欄位未定義,0.0,,教育,新北市政府主計處,境內高級中等學校教育概況(102學年度以前),2012,item value11,是（欄位說明僅存於新北市統計年報）,380.0
101,,,,,,,欄位未定義,0.0,,教育,新北市政府主計處,境內高級中等學校教育概況(102學年度以前),2012,item value12,是（欄位說明僅存於新北市統計年報）,377.0
101,,,,,,,欄位未定義,0.0,,教育,新北市政府主計處,境內高級中等學校教育概況(102學年度以前),2012,item value13,是（欄位說明僅存於新北市統計年報）,0.0
101,,,,,,,欄位未定義,0.0,,教育,新北市政府主計處,境內高級中等學校教育概況(102學年度以前),2012,item value14,是（欄位說明僅存於新北市統計年報）,45370.0
101,,,,,,,欄位未定義,0.0,,教育,新北市政府主計處,境內高級中等學校教育概況(102學年度以前),2012,item value15,是（欄位說明僅存於新北市統計年報）,22855.0
101,,,,,,,欄位未定義,0.0,,教育,新北市政府主計處,境內高級中等學校教育概況(102學年度以前),2012,item value16,是（欄位說明僅存於新北市統計年報）,22515.0
101,,,,,,,欄位未定義,0.0,,教育,新北市政府主計處,境內高級中等學校教育概況(102學年度以前),2012,item value17,是（欄位說明僅存於新北市統計年報）,8020.0
101,,,,,,,欄位未定義,0.0,,教育,新北市政府主計處,境內高級中等學校教育概況(102學年度以前),2012,item value18,是（欄位說明僅存於新北市統計年報）,7567.0
101,,,,,,,欄位未定義,0.0,,教育,新北市政府主計處,境內高級中等學校教育概況(102學年度以前),2012,item value19,是（欄位說明僅存於新北市統計年報）,7586.0
101,,,,,,,欄位未定義,0.0,,教育,新北市政府主計處,境內高級中等學校教育概況(102學年度以前),2012,item value20,是（欄位說明僅存於新北市統計年報）,7495.0
101,,,,,,,欄位未定義,0.0,,教育,新北市政府主計處,境內高級中等學校教育概況(102學年度以前),2012,item value21,是（欄位說明僅存於新北市統計年報）,7236.0
101,,,,,,,欄位未定義,0.0,,教育,新北市政府主計處,境內高級中等學校教育概況(102學年度以前),2012,item value22,是（欄位說明僅存於新北市統計年報）,7450.0
101,,,,,,,欄位未定義,0.0,,教育,新北市政府主計處,境內高級中等學校教育概況(102學年度以前),2012,item value23,是（欄位說明僅存於新北市統計年報）,0.0
101,,,,,,,欄位未定義,0.0,,教育,新北市政府主計處,境內高級中等學校教育概況(102學年度以前),2012,item value24,是（欄位說明僅存於新北市統計年報）,0.0
101,,,,,,,欄位未定義,0.0,,教育,新北市政府主計處,境內高級中等學校教育概況(102學年度以前),2012,item value25,是（欄位說明僅存於新北市統計年報）,13.0
101,,,,,,,欄位未定義,0.0,,教育,新北市政府主計處,境內高級中等學校教育概況(102學年度以前),2012,item value26,是（欄位說明僅存於新北市統計年報）,3.0
101,,,,,,,欄位未定義,0.0,,教育,新北市政府主計處,境內高級中等學校教育概況(102學年度以前),2012,item value27,是（欄位說明僅存於新北市統計年報）,14336.0
101,,,,,,,欄位未定義,0.0,,教育,新北市政府主計處,境內高級中等學校教育概況(102學年度以前),2012,item value28,是（欄位說明僅存於新北市統計年報）,7150.0
101,,,,,,,欄位未定義,0.0,,教育,新北市政府主計處,境內高級中等學校教育概況(102學年度以前),2012,item value29,是（欄位說明僅存於新北市統計年報）,7186.0
101,,,,,,,欄位未定義,0.0,,教育,新北市政府主計處,境內高級中等學校教育概況(102學年度以前),2012,item value30,是（欄位說明僅存於新北市統計年報）,16.0
101,,,,,,,欄位未定義,0.0,,教育,新北市政府主計處,境內高級中等學校教育概況(102學年度以前),2012,item value31,是（欄位說明僅存於新北市統計年報）,1832.0
101,,,,,,,欄位未定義,0.0,,教育,新北市政府主計處,境內高級中等學校教育概況(102學年度以前),2012,item value32,是（欄位說明僅存於新北市統計年報）,779.0
101,,,,,,,欄位未定義,0.0,,教育,新北市政府主計處,境內高級中等學校教育概況(102學年度以前),2012,item value33,是（欄位說明僅存於新北市統計年報）,1053.0
101,,,,,,,欄位未定義,0.0,,教育,新北市政府主計處,境內高級中等學校教育概況(102學年度以前),2012,item value34,是（欄位說明僅存於新北市統計年報）,438.0
101,,,,,,,欄位未定義,0.0,,教育,新北市政府主計處,境內高級中等學校教育概況(102學年度以前),2012,item value35,是（欄位說明僅存於新北市統計年報）,141.0
101,,,,,,,欄位未定義,0.0,,教育,新北市政府主計處,境內高級中等學校教育概況(102學年度以前),2012,item value36,是（欄位說明僅存於新北市統計年報）,297.0
101,,,,,,,欄位未定義,0.0,,教育,新北市政府主計處,境內高級中等學校教育概況(102學年度以前),2012,item value37,是（欄位說明僅存於新北市統計年報）,1060.0
101,,,,,,,欄位未定義,0.0,,教育,新北市政府主計處,境內高級中等學校教育概況(102學年度以前),2012,item value38,是（欄位說明僅存於新北市統計年報）,357.0
101,,,,,,,欄位未定義,0.0,,教育,新北市政府主計處,境內高級中等學校教育概況(102學年度以前),2012,item value39,是（欄位說明僅存於新北市統計年報）,355.0
101,,,,,,,欄位未定義,0.0,,教育,新北市政府主計處,境內高級中等學校教育概況(102學年度以前),2012,item value40,是（欄位說明僅存於新北市統計年報）,343.0
101,,,,,,,欄位未定義,0.0,,教育,新北市政府主計處,境內高級中等學校教育概況(102學年度以前),2012,item value41,是（欄位說明僅存於新北市統計年報）,5.0
101,,,,,,,欄位未定義,0.0,,教育,新北市政府主計處,境內高級中等學校教育概況(102學年度以前),2012,item value42,是（欄位說明僅存於新北市統計年報）,46128.0
101,,,,,,,欄位未定義,0.0,,教育,新北市政府主計處,境內高級中等學校教育概況(102學年度以前),2012,item value43,是（欄位說明僅存於新北市統計年報）,25437.0
101,,,,,,,欄位未定義,0.0,,教育,新北市政府主計處,境內高級中等學校教育概況(102學年度以前),2012,item value44,是（欄位說明僅存於新北市統計年報）,20691.0
101,,,,,,,欄位未定義,0.0,,教育,新北市政府主計處,境內高級中等學校教育概況(102學年度以前),2012,item value45,是（欄位說明僅存於新北市統計年報）,9216.0
101,,,,,,,欄位未定義,0.0,,教育,新北市政府主計處,境內高級中等學校教育概況(102學年度以前),2012,item value46,是（欄位說明僅存於新北市統計年報）,7111.0
101,,,,,,,欄位未定義,0.0,,教育,新北市政府主計處,境內高級中等學校教育概況(102學年度以前),2012,item value47,是（欄位說明僅存於新北市統計年報）,8391.0
101,,,,,,,欄位未定義,0.0,,教育,新北市政府主計處,境內高級中等學校教育概況(102學年度以前),2012,item value48,是（欄位說明僅存於新北市統計年報）,6915.0
101,,,,,,,欄位未定義,0.0,,教育,新北市政府主計處,境內高級中等學校教育概況(102學年度以前),2012,item value49,是（欄位說明僅存於新北市統計年報）,7701.0
101,,,,,,,欄位未定義,0.0,,教育,新北市政府主計處,境內高級中等學校教育概況(102學年度以前),2012,item value50,是（欄位說明僅存於新北市統計年報）,6543.0
101,,,,,,,欄位未定義,0.0,,教育,新北市政府主計處,境內高級中等學校教育概況(102學年度以前),2012,item value51,是（欄位說明僅存於新北市統計年報）,76.0
101,,,,,,,欄位未定義,0.0,,教育,新北市政府主計處,境內高級中等學校教育概況(102學年度以前),2012,item value52,是（欄位說明僅存於新北市統計年報）,119.0
101,,,,,,,欄位未定義,0.0,,教育,新北市政府主計處,境內高級中等學校教育概況(102學年度以前),2012,item value53,是（欄位說明僅存於新北市統計年報）,53.0
101,,,,,,,欄位未定義,0.0,,教育,新北市政府主計處,境內高級中等學校教育概況(102學年度以前),2012,item value54,是（欄位說明僅存於新北市統計年報）,3.0
101,,,,,,,欄位未定義,0.0,,教育,新北市政府主計處,境內高級中等學校教育概況(102學年度以前),2012,item value55,是（欄位說明僅存於新北市統計年報）,13691.0
101,,,,,,,欄位未定義,0.0,,教育,新北市政府主計處,境內高級中等學校教育概況(102學年度以前),2012,item value56,是（欄位說明僅存於新北市統計年報）,7289.0
101,,,,,,,欄位未定義,0.0,,教育,新北市政府主計處,境內高級中等學校教育概況(102學年度以前),2012,item value57,是（欄位說明僅存於新北市統計年報）,6402.0
101,,,,,,,欄位未定義,0.0,,教育,新北市政府主計處,失業率—教育程度別,2012,item value2,是（欄位說明僅存於新北市統計年報）,4.8
101,,,,,,,欄位未定義,0.0,,教育,新北市政府主計處,失業率—教育程度別,2012,item value3,是（欄位說明僅存於新北市統計年報）,3.6
101,,,,,,,欄位未定義,0.0,,教育,新北市政府主計處,失業率—教育程度別,2012,item value4,是（欄位說明僅存於新北市統計年報）,3.2
101,,,,,,,欄位未定義,0.0,,教育,新北市政府主計處,失業率—教育程度別,2012,item value5,是（欄位說明僅存於新北市統計年報）,1.1
101,,,,,,,欄位未定義,0.0,,教育,新北市政府主計處,失業率—教育程度別,2012,item value6,是（欄位說明僅存於新北市統計年報）,4.1
101,,,,,,,欄位未定義,0.0,,教育,新北市政府主計處,失業率—教育程度別,2012,item value7,是（欄位說明僅存於新北市統計年報）,2.1
101,,,,,,,欄位未定義,0.0,,教育,新北市政府主計處,失業率—教育程度別,2012,item value8,是（欄位說明僅存於新北市統計年報）,5.7
101,,,,,,,欄位未定義,0.0,,教育,新北市政府主計處,失業率—教育程度別,2012,item value9,是（欄位說明僅存於新北市統計年報）,4.1
101,,,,,,,欄位未定義,0.0,,教育,新北市政府主計處,失業率—教育程度別,2012,item value10,是（欄位說明僅存於新北市統計年報）,6.7
101,,,,,,,欄位未定義,0.0,,教育,新北市政府主計處,失業率—教育程度別,2012,item value11,是（欄位說明僅存於新北市統計年報）,3.2
101,,,,,,,欄位未定義,0.0,,教育,新北市政府主計處,失業率—教育程度別,2012,item value12,是（欄位說明僅存於新北市統計年報）,5.2
101,,,,,,,欄位未定義,0.0,,教育,新北市政府主計處,失業率—教育程度別,2012,item value13,是（欄位說明僅存於新北市統計年報）,4.4
101,,,,,,,欄位未定義,0.0,,教育,新北市政府主計處,失業率—教育程度別,2012,item value14,是（欄位說明僅存於新北市統計年報）,4.0
101,,,,,,,欄位未定義,0.0,,教育,新北市政府主計處,失業率—教育程度別,2012,item value15,是（欄位說明僅存於新北市統計年報）,3.2
101,,,,,,,欄位未定義,0.0,,教育,新北市政府主計處,失業率—教育程度別,2012,item value16,是（欄位說明僅存於新北市統計年報）,5.4
101,,,,,,,欄位未定義,0.0,,教育,新北市政府主計處,失業率—教育程度別,2012,item value17,是（欄位說明僅存於新北市統計年報）,4.4
101,,,,,,,欄位未定義,0.0,,教育,新北市政府主計處,失業率—教育程度別,2012,item value18,是（欄位說明僅存於新北市統計年報）,3.3
101,,,,,,,欄位未定義,0.0,,教育,新北市政府主計處,失業率—教育程度別,2012,item value19,是（欄位說明僅存於新北市統計年報）,3.0
101,,,,,,,欄位未定義,0.0,,教育,新北市政府主計處,學校教育,2012,itemvalue2,是（欄位說明僅存於新北市統計年報）,12077.0
101,,,,,,,欄位未定義,0.0,,教育,新北市政府主計處,學校教育,2012,itemvalue3,是（欄位說明僅存於新北市統計年報）,29.1743163591
101,,,,,,,欄位未定義,0.0,,教育,新北市政府主計處,學校教育,2012,itemvalue4,是（欄位說明僅存於新北市統計年報）,29319.0
101,,,,,,,欄位未定義,0.0,,教育,新北市政府主計處,學校教育,2012,itemvalue5,是（欄位說明僅存於新北市統計年報）,70.8256836409
101,,,,,,,欄位未定義,0.0,,教育,新北市政府主計處,學校教育,2012,itemvalue6,是（欄位說明僅存於新北市統計年報）,352241.0
101,,,,,,,欄位未定義,0.0,,教育,新北市政府主計處,學校教育,2012,itemvalue7,是（欄位說明僅存於新北市統計年報）,51.7724335797
101,,,,,,,欄位未定義,0.0,,教育,新北市政府主計處,學校教育,2012,itemvalue8,是（欄位說明僅存於新北市統計年報）,328123.0
101,,,,,,,欄位未定義,0.0,,教育,新北市政府主計處,學校教育,2012,itemvalue9,是（欄位說明僅存於新北市統計年報）,48.2275664203
101,,,,,,,欄位未定義,0.0,,教育,新北市政府主計處,就業者教育程度結構,2012,percent2,是（欄位說明僅存於新北市統計年報）,6.88
101,,,,,,,欄位未定義,0.0,,教育,新北市政府主計處,就業者教育程度結構,2012,percent3,是（欄位說明僅存於新北市統計年報）,6.26
101,,,,,,,欄位未定義,0.0,,教育,新北市政府主計處,就業者教育程度結構,2012,percent4,是（欄位說明僅存於新北市統計年報）,16.73
101,,,,,,,欄位未定義,0.0,,教育,新北市政府主計處,就業者教育程度結構,2012,percent5,是（欄位說明僅存於新北市統計年報）,7.92
101,,,,,,,欄位未定義,0.0,,教育,新北市政府主計處,就業者教育程度結構,2012,percent6,是（欄位說明僅存於新北市統計年報）,34.034416826
101,,,,,,,欄位未定義,0.0,,教育,新北市政府主計處,就業者教育程度結構,2012,percent7,是（欄位說明僅存於新北市統計年報）,34.63356974
101,,,,,,,欄位未定義,0.0,,教育,新北市政府主計處,就業者教育程度結構,2012,percent8,是（欄位說明僅存於新北市統計年報）,10.9
101,,,,,,,欄位未定義,0.0,,教育,新北市政府主計處,就業者教育程度結構,2012,percent9,是（欄位說明僅存於新北市統計年報）,7.8
101,,,,,,,欄位未定義,0.0,,教育,新北市政府主計處,就業者教育程度結構,2012,percent10,是（欄位說明僅存於新北市統計年報）,23.23
101,,,,,,,欄位未定義,0.0,,教育,新北市政府主計處,就業者教育程度結構,2012,percent11,是（欄位說明僅存於新北市統計年報）,26.95
101,,,,,,,欄位未定義,0.0,,教育,新北市政府主計處,就業者教育程度結構,2012,percent12,是（欄位說明僅存於新北市統計年報）,17.78
101,,,,,,,欄位未定義,0.0,,教育,新北市政府主計處,就業者教育程度結構,2012,percent13,是（欄位說明僅存於新北市統計年報）,19.62
101,,,,,,,欄位未定義,0.0,,教育,新北市政府主計處,就業者教育程度結構,2012,percent14,是（欄位說明僅存於新北市統計年報）,18.16
101,,,,,,,欄位未定義,0.0,,教育,新北市政府主計處,就業者教育程度結構,2012,percent15,是（欄位說明僅存於新北市統計年報）,26.6
101,,,,,,,欄位未定義,0.0,,教育,新北市政府主計處,就業者教育程度結構,2012,percent16,是（欄位說明僅存於新北市統計年報）,6.41
101,,,,,,,欄位未定義,0.0,,教育,新北市政府主計處,就業者教育程度結構,2012,percent17,是（欄位說明僅存於新北市統計年報）,4.85
101,,,,,,,欄位未定義,0.0,,教育,新北市政府主計處,幼兒托育,2012,itemvalue2,是（欄位說明僅存於新北市統計年報）,1588.0
101,,,,,,,欄位未定義,0.0,,教育,新北市政府主計處,幼兒托育,2012,itemvalue3,是（欄位說明僅存於新北市統計年報）,94551.5808656037
101,,,,,,,欄位未定義,0.0,,教育,新北市政府主計處,幼兒托育,2012,itemvalue4,是（欄位說明僅存於新北市統計年報）,31.0
101,,,,,,,欄位未定義,0.0,,教育,新北市政府主計處,幼兒托育,2012,itemvalue5,是（欄位說明僅存於新北市統計年報）,1498.0
101,,,,,,,欄位未定義,0.0,,教育,新北市政府主計處,幼兒（稚）園教育,2012,percent2,是（欄位說明僅存於新北市統計年報）,75.0
101,,,,,,,欄位未定義,0.0,,教育,新北市政府主計處,幼兒（稚）園教育,2012,percent3,是（欄位說明僅存於新北市統計年報）,1.0202693511
101,,,,,,,欄位未定義,0.0,,教育,新北市政府主計處,幼兒（稚）園教育,2012,percent4,是（欄位說明僅存於新北市統計年報）,7276.0
101,,,,,,,欄位未定義,0.0,,教育,新北市政府主計處,幼兒（稚）園教育,2012,percent5,是（欄位說明僅存於新北市統計年報）,98.9797306489
101,,,,,,,欄位未定義,0.0,,教育,新北市政府主計處,幼兒（稚）園教育,2012,percent6,是（欄位說明僅存於新北市統計年報）,38012.0
101,,,,,,,欄位未定義,0.0,,教育,新北市政府主計處,幼兒（稚）園教育,2012,percent7,是（欄位說明僅存於新北市統計年報）,52.7124473042
101,,,,,,,欄位未定義,0.0,,教育,新北市政府主計處,幼兒（稚）園教育,2012,percent8,是（欄位說明僅存於新北市統計年報）,34100.0
101,,,,,,,欄位未定義,0.0,,教育,新北市政府主計處,幼兒（稚）園教育,2012,percent9,是（欄位說明僅存於新北市統計年報）,47.2875526958
101,,,,,,,欄位未定義,0.0,,教育,新北市政府主計處,政府教育經費概況,2012,itemvalue2,是（欄位說明僅存於新北市統計年報）,157449.0
101,,,,,,,欄位未定義,0.0,,教育,新北市政府主計處,政府教育經費概況,2012,itemvalue3,是（欄位說明僅存於新北市統計年報）,47966.0
101,,,,,,,欄位未定義,0.0,,教育,新北市政府主計處,政府教育經費概況,2012,itemvalue4,是（欄位說明僅存於新北市統計年報）,30.46
101,,,,,,,欄位未定義,0.0,,教育,新北市政府主計處,政府教育經費概況,2012,itemvalue5,是（欄位說明僅存於新北市統計年報）,149883.0
101,,,,,,,欄位未定義,0.0,,教育,新北市政府主計處,政府教育經費概況,2012,itemvalue6,是（欄位說明僅存於新北市統計年報）,47703.0
101,,,,,,,欄位未定義,0.0,,教育,新北市政府主計處,政府教育經費概況,2012,itemvalue7,是（欄位說明僅存於新北市統計年報）,31.83
101,,,,,,,欄位未定義,0.0,,教育,新北市政府主計處,教育程度,2012,itemvalue2,是（欄位說明僅存於新北市統計年報）,29.9317672488
101,,,,,,,欄位未定義,0.0,,教育,新北市政府主計處,教育程度,2012,itemvalue3,是（欄位說明僅存於新北市統計年報）,26.9066229176
101,,,,,,,欄位未定義,0.0,,教育,新北市政府主計處,教育程度,2012,itemvalue4,是（欄位說明僅存於新北市統計年報）,13.5193601536
101,,,,,,,欄位未定義,0.0,,教育,新北市政府主計處,教育程度,2012,itemvalue5,是（欄位說明僅存於新北市統計年報）,12.9240268469
101,,,,,,,欄位未定義,0.0,,教育,新北市政府主計處,教育程度,2012,itemvalue6,是（欄位說明僅存於新北市統計年報）,21.717964862
101,,,,,,,欄位未定義,0.0,,教育,新北市政府主計處,教育程度,2012,itemvalue7,是（欄位說明僅存於新北市統計年報）,21.0275288203
101,,,,,,,欄位未定義,0.0,,教育,新北市政府主計處,教育程度,2012,itemvalue8,是（欄位說明僅存於新北市統計年報）,10.8257525866
101,,,,,,,欄位未定義,0.0,,教育,新北市政府主計處,教育程度,2012,itemvalue9,是（欄位說明僅存於新北市統計年報）,9.5103929199
101,,,,,,,欄位未定義,0.0,,教育,新北市政府主計處,教育程度,2012,itemvalue10,是（欄位說明僅存於新北市統計年報）,14.4751252602
101,,,,,,,欄位未定義,0.0,,教育,新北市政府主計處,教育程度,2012,itemvalue11,是（欄位說明僅存於新北市統計年報）,14.1921564223
101,,,,,,,欄位未定義,0.0,,教育,新北市政府主計處,教育程度,2012,itemvalue12,是（欄位說明僅存於新北市統計年報）,9.0598064829
101,,,,,,,欄位未定義,0.0,,教育,新北市政府主計處,教育程度,2012,itemvalue13,是（欄位說明僅存於新北市統計年報）,13.2757640559
101,,,,,,,欄位未定義,0.0,,教育,新北市政府主計處,教育程度,2012,itemvalue14,是（欄位說明僅存於新北市統計年報）,0.4702234059
101,,,,,,,欄位未定義,0.0,,教育,新北市政府主計處,教育程度,2012,itemvalue15,是（欄位說明僅存於新北市統計年報）,2.1635080171
101,,,,,,,欄位未定義,0.0,,教育,新北市政府主計處,教育程度,2012,itemvalue16,是（欄位說明僅存於新北市統計年報）,99.5297765941
101,,,,,,,欄位未定義,0.0,,教育,新北市政府主計處,教育程度,2012,itemvalue17,是（欄位說明僅存於新北市統計年報）,97.8364919829
101,,,,,,,欄位未定義,0.0,,教育,新北市政府主計處,教育程度,2012,itemvalue18,是（欄位說明僅存於新北市統計年報）,25.2627115754
101,,,,,,,欄位未定義,0.0,,教育,新北市政府主計處,教育程度,2012,itemvalue19,是（欄位說明僅存於新北市統計年報）,23.324758694
101,,,,,,,欄位未定義,0.0,,教育,新北市政府主計處,特殊教育—特教學校,2012,percent2,是（欄位說明僅存於新北市統計年報）,31.0
101,,,,,,,欄位未定義,0.0,,教育,新北市政府主計處,特殊教育—特教學校,2012,percent3,是（欄位說明僅存於新北市統計年報）,32.9787234043
101,,,,,,,欄位未定義,0.0,,教育,新北市政府主計處,特殊教育—特教學校,2012,percent4,是（欄位說明僅存於新北市統計年報）,63.0
101,,,,,,,欄位未定義,0.0,,教育,新北市政府主計處,特殊教育—特教學校,2012,percent5,是（欄位說明僅存於新北市統計年報）,67.0212765957
101,,,,,,,欄位未定義,0.0,,教育,新北市政府主計處,特殊教育—特教學校,2012,percent6,是（欄位說明僅存於新北市統計年報）,256.0
101,,,,,,,欄位未定義,0.0,,教育,新北市政府主計處,特殊教育—特教學校,2012,percent7,是（欄位說明僅存於新北市統計年報）,59.6736596737
101,,,,,,,欄位未定義,0.0,,教育,新北市政府主計處,特殊教育—特教學校,2012,percent8,是（欄位說明僅存於新北市統計年報）,173.0
101,,,,,,,欄位未定義,0.0,,教育,新北市政府主計處,特殊教育—特教學校,2012,percent9,是（欄位說明僅存於新北市統計年報）,40.3263403263
101,,,,,,,欄位未定義,0.0,,教育,新北市政府主計處,特殊教育—特教學校,2012,percent10,是（欄位說明僅存於新北市統計年報）,1.0
101,,,,,,,欄位未定義,0.0,,教育,新北市政府主計處,特殊教育—特教學校,2012,percent11,是（欄位說明僅存於新北市統計年報）,0.0
101,,,,,,,欄位未定義,0.0,,教育,新北市政府主計處,特殊教育—特教學校,2012,percent12,是（欄位說明僅存於新北市統計年報）,0.0
101,,,,,,,欄位未定義,0.0,,教育,新北市政府主計處,短期補習班概況(98年以後),2012,itemvalue2,是（欄位說明僅存於新北市統計年報）,2930.0
101,,,,,,,欄位未定義,0.0,,教育,新北市政府主計處,短期補習班概況(98年以後),2012,itemvalue3,是（欄位說明僅存於新北市統計年報）,2366.0
101,,,,,,,欄位未定義,0.0,,教育,新北市政府主計處,短期補習班概況(98年以後),2012,itemvalue4,是（欄位說明僅存於新北市統計年報）,1459.0
101,,,,,,,欄位未定義,0.0,,教育,新北市政府主計處,短期補習班概況(98年以後),2012,itemvalue5,是（欄位說明僅存於新北市統計年報）,900.0
101,,,,,,,欄位未定義,0.0,,教育,新北市政府主計處,短期補習班概況(98年以後),2012,itemvalue6,是（欄位說明僅存於新北市統計年報）,7.0
101,,,,,,,欄位未定義,0.0,,教育,新北市政府主計處,短期補習班概況(98年以後),2012,itemvalue7,是（欄位說明僅存於新北市統計年報）,564.0
101,,,,,,,欄位未定義,0.0,,教育,新北市政府主計處,短期補習班概況(98年以後),2012,itemvalue8,是（欄位說明僅存於新北市統計年報）,9.0
101,,,,,,,欄位未定義,0.0,,教育,新北市政府主計處,短期補習班概況(98年以後),2012,itemvalue9,是（欄位說明僅存於新北市統計年報）,61.0
101,,,,,,,欄位未定義,0.0,,教育,新北市政府主計處,短期補習班概況(98年以後),2012,itemvalue10,是（欄位說明僅存於新北市統計年報）,1.0
101,,,,,,,欄位未定義,0.0,,教育,新北市政府主計處,短期補習班概況(98年以後),2012,itemvalue11,是（欄位說明僅存於新北市統計年報）,3.0
101,,,,,,,欄位未定義,0.0,,教育,新北市政府主計處,短期補習班概況(98年以後),2012,itemvalue12,是（欄位說明僅存於新北市統計年報）,13.0
101,,,,,,,欄位未定義,0.0,,教育,新北市政府主計處,短期補習班概況(98年以後),2012,itemvalue13,是（欄位說明僅存於新北市統計年報）,149.0
101,,,,,,,欄位未定義,0.0,,教育,新北市政府主計處,短期補習班概況(98年以後),2012,itemvalue14,是（欄位說明僅存於新北市統計年報）,103.0
101,,,,,,,欄位未定義,0.0,,教育,新北市政府主計處,短期補習班概況(98年以後),2012,itemvalue15,是（欄位說明僅存於新北市統計年報）,157.0
101,,,,,,,欄位未定義,0.0,,教育,新北市政府主計處,短期補習班概況(98年以後),2012,itemvalue16,是（欄位說明僅存於新北市統計年報）,11.0
101,,,,,,,欄位未定義,0.0,,教育,新北市政府主計處,短期補習班概況(98年以後),2012,itemvalue17,是（欄位說明僅存於新北市統計年報）,0.0
101,,,,,,,欄位未定義,0.0,,教育,新北市政府主計處,短期補習班概況(98年以後),2012,itemvalue18,是（欄位說明僅存於新北市統計年報）,1.0
101,,,,,,,欄位未定義,0.0,,教育,新北市政府主計處,短期補習班概況(98年以後),2012,itemvalue19,是（欄位說明僅存於新北市統計年報）,0.0
101,,,,,,,欄位未定義,0.0,,教育,新北市政府主計處,短期補習班概況(98年以後),2012,itemvalue20,是（欄位說明僅存於新北市統計年報）,56.0
101,,,,,,,欄位未定義,0.0,,教育,新北市政府主計處,補習教育,2012,itemvalue2,是（欄位說明僅存於新北市統計年報）,41.0
101,,,,,,,欄位未定義,0.0,,教育,新北市政府主計處,補習教育,2012,itemvalue3,是（欄位說明僅存於新北市統計年報）,35.3448275862
101,,,,,,,欄位未定義,0.0,,教育,新北市政府主計處,補習教育,2012,itemvalue4,是（欄位說明僅存於新北市統計年報）,75.0
101,,,,,,,欄位未定義,0.0,,教育,新北市政府主計處,補習教育,2012,itemvalue5,是（欄位說明僅存於新北市統計年報）,64.6551724138
101,,,,,,,欄位未定義,0.0,,教育,新北市政府主計處,補習教育,2012,itemvalue6,是（欄位說明僅存於新北市統計年報）,6187.0
101,,,,,,,欄位未定義,0.0,,教育,新北市政府主計處,補習教育,2012,itemvalue7,是（欄位說明僅存於新北市統計年報）,39.9909508112
101,,,,,,,欄位未定義,0.0,,教育,新北市政府主計處,補習教育,2012,itemvalue8,是（欄位說明僅存於新北市統計年報）,9284.0
101,,,,,,,欄位未定義,0.0,,教育,新北市政府主計處,補習教育,2012,itemvalue9,是（欄位說明僅存於新北市統計年報）,60.0090491888
101,,,,,,,欄位未定義,0.0,,教育,新北市政府主計處,補習教育,2012,itemvalue10,是（欄位說明僅存於新北市統計年報）,0.0
101,,,,,,,欄位未定義,0.0,,教育,新北市政府主計處,補習教育,2012,itemvalue11,是（欄位說明僅存於新北市統計年報）,1.0
101,,,,,,,欄位未定義,0.0,,教育,新北市政府主計處,補習教育,2012,itemvalue12,是（欄位說明僅存於新北市統計年報）,0.0
101,,,,,,,欄位未定義,0.0,,教育,新北市政府主計處,高等教育,2012,percent2,是（欄位說明僅存於新北市統計年報）,3198.0
101,,,,,,,欄位未定義,0.0,,教育,新北市政府主計處,高等教育,2012,percent3,是（欄位說明僅存於新北市統計年報）,64.2168674699
101,,,,,,,欄位未定義,0.0,,教育,新北市政府主計處,高等教育,2012,percent4,是（欄位說明僅存於新北市統計年報）,1782.0
101,,,,,,,欄位未定義,0.0,,教育,新北市政府主計處,高等教育,2012,percent5,是（欄位說明僅存於新北市統計年報）,35.7831325301
101,,,,,,,欄位未定義,0.0,,教育,新北市政府主計處,高等教育,2012,percent6,是（欄位說明僅存於新北市統計年報）,79615.0
101,,,,,,,欄位未定義,0.0,,教育,新北市政府主計處,高等教育,2012,percent7,是（欄位說明僅存於新北市統計年報）,49.9730096161
101,,,,,,,欄位未定義,0.0,,教育,新北市政府主計處,高等教育,2012,percent8,是（欄位說明僅存於新北市統計年報）,79701.0
101,,,,,,,欄位未定義,0.0,,教育,新北市政府主計處,高等教育,2012,percent9,是（欄位說明僅存於新北市統計年報）,50.0269903839
101,,,,,,,欄位未定義,0.0,,教育,新北市政府主計處,高級中等教育,2012,itemvalue2,是（欄位說明僅存於新北市統計年報）,2577.0
101,,,,,,,欄位未定義,0.0,,教育,新北市政府主計處,高級中等教育,2012,itemvalue3,是（欄位說明僅存於新北市統計年報）,37.3045744065
101,,,,,,,欄位未定義,0.0,,教育,新北市政府主計處,高級中等教育,2012,itemvalue4,是（欄位說明僅存於新北市統計年報）,4331.0
101,,,,,,,欄位未定義,0.0,,教育,新北市政府主計處,高級中等教育,2012,itemvalue5,是（欄位說明僅存於新北市統計年報）,62.6954255935
101,,,,,,,欄位未定義,0.0,,教育,新北市政府主計處,高級中等教育,2012,itemvalue6,是（欄位說明僅存於新北市統計年報）,8.0
101,,,,,,,欄位未定義,0.0,,教育,新北市政府主計處,高級中等教育,2012,itemvalue7,是（欄位說明僅存於新北市統計年報）,8.0
101,,,,,,,欄位未定義,0.0,,教育,新北市政府主計處,高級中等教育,2012,itemvalue8,是（欄位說明僅存於新北市統計年報）,100.0
101,,,,,,,欄位未定義,0.0,,教育,新北市政府主計處,高級中等教育,2012,itemvalue9,是（欄位說明僅存於新北市統計年報）,0.0
101,,,,,,,欄位未定義,0.0,,教育,新北市政府主計處,高級中等教育,2012,itemvalue10,是（欄位說明僅存於新北市統計年報）,0.0
101,,,,,,,欄位未定義,0.0,,教育,新北市政府主計處,高級中等教育,2012,itemvalue11,是（欄位說明僅存於新北市統計年報）,0.0
101,,,,,,,欄位未定義,0.0,,教育,新北市政府主計處,高級中等教育,2012,itemvalue12,是（欄位說明僅存於新北市統計年報）,0.0
101,,,,,,,欄位未定義,0.0,,教育,新北市政府主計處,高級中等教育（續）,2012,itemvalue2,是（欄位說明僅存於新北市統計年報）,22855.0
101,,,,,,,欄位未定義,0.0,,教育,新北市政府主計處,高級中等教育（續）,2012,itemvalue3,是（欄位說明僅存於新北市統計年報）,50.3746969363
101,,,,,,,欄位未定義,0.0,,教育,新北市政府主計處,高級中等教育（續）,2012,itemvalue4,是（欄位說明僅存於新北市統計年報）,22515.0
101,,,,,,,欄位未定義,0.0,,教育,新北市政府主計處,高級中等教育（續）,2012,itemvalue5,是（欄位說明僅存於新北市統計年報）,49.6253030637
101,,,,,,,欄位未定義,0.0,,教育,新北市政府主計處,高級中等教育（續）,2012,itemvalue6,是（欄位說明僅存於新北市統計年報）,25437.0
101,,,,,,,欄位未定義,0.0,,教育,新北市政府主計處,高級中等教育（續）,2012,itemvalue7,是（欄位說明僅存於新北市統計年報）,55.1443808533
101,,,,,,,欄位未定義,0.0,,教育,新北市政府主計處,高級中等教育（續）,2012,itemvalue8,是（欄位說明僅存於新北市統計年報）,20691.0
101,,,,,,,欄位未定義,0.0,,教育,新北市政府主計處,高級中等教育（續）,2012,itemvalue9,是（欄位說明僅存於新北市統計年報）,44.8556191467
101,,,,,,,欄位未定義,0.0,,產業,新北市政府主計處,全國經濟,2012,itemvalue2,是（欄位說明僅存於新北市統計年報）,58.35
101,,,,,,,欄位未定義,0.0,,產業,新北市政府主計處,全國經濟,2012,itemvalue3,是（欄位說明僅存於新北市統計年報）,66.83
101,,,,,,,欄位未定義,0.0,,產業,新北市政府主計處,全國經濟,2012,itemvalue4,是（欄位說明僅存於新北市統計年報）,50.19
101,,,,,,,欄位未定義,0.0,,產業,新北市政府主計處,全國經濟,2012,itemvalue5,是（欄位說明僅存於新北市統計年報）,4.24
101,,,,,,,欄位未定義,0.0,,產業,新北市政府主計處,全國經濟,2012,itemvalue6,是（欄位說明僅存於新北市統計年報）,4.49
101,,,,,,,欄位未定義,0.0,,產業,新北市政府主計處,全國經濟,2012,itemvalue7,是（欄位說明僅存於新北市統計年報）,3.92
101,,,,,,,欄位未定義,0.0,,產業,新北市政府主計處,公司、商業及工廠登記負責人,2012,item value2,是（欄位說明僅存於新北市統計年報）,85001.0
101,,,,,,,欄位未定義,0.0,,產業,新北市政府主計處,公司、商業及工廠登記負責人,2012,item value3,是（欄位說明僅存於新北市統計年報）,71.18
101,,,,,,,欄位未定義,0.0,,產業,新北市政府主計處,公司、商業及工廠登記負責人,2012,item value4,是（欄位說明僅存於新北市統計年報）,34416.0
101,,,,,,,欄位未定義,0.0,,產業,新北市政府主計處,公司、商業及工廠登記負責人,2012,item value5,是（欄位說明僅存於新北市統計年報）,28.82
101,,,,,,,欄位未定義,0.0,,產業,新北市政府主計處,公司、商業及工廠登記負責人,2012,item value6,是（欄位說明僅存於新北市統計年報）,105747.0
101,,,,,,,欄位未定義,0.0,,產業,新北市政府主計處,公司、商業及工廠登記負責人,2012,item value7,是（欄位說明僅存於新北市統計年報）,79.23
101,,,,,,,欄位未定義,0.0,,產業,新北市政府主計處,公司、商業及工廠登記負責人,2012,item value8,是（欄位說明僅存於新北市統計年報）,27723.0
101,,,,,,,欄位未定義,0.0,,產業,新北市政府主計處,公司、商業及工廠登記負責人,2012,item value9,是（欄位說明僅存於新北市統計年報）,20.77
101,,,,,,,欄位未定義,0.0,,產業,新北市政府主計處,公司、商業及工廠登記負責人,2012,item value10,是（欄位說明僅存於新北市統計年報）,16382.0
101,,,,,,,欄位未定義,0.0,,產業,新北市政府主計處,公司、商業及工廠登記負責人,2012,item value11,是（欄位說明僅存於新北市統計年報）,78.51
101,,,,,,,欄位未定義,0.0,,產業,新北市政府主計處,公司、商業及工廠登記負責人,2012,item value12,是（欄位說明僅存於新北市統計年報）,4484.0
101,,,,,,,欄位未定義,0.0,,產業,新北市政府主計處,公司、商業及工廠登記負責人,2012,item value13,是（欄位說明僅存於新北市統計年報）,21.49
101,,,,,,,欄位未定義,0.0,,產業,新北市政府主計處,經濟戶長比重,2012,itemvalue2,是（欄位說明僅存於新北市統計年報）,1007662.0
101,,,,,,,欄位未定義,0.0,,產業,新北市政府主計處,經濟戶長比重,2012,itemvalue3,是（欄位說明僅存於新北市統計年報）,436189.0
101,,,,,,,欄位未定義,0.0,,產業,新北市政府主計處,經濟戶長比重,2012,itemvalue4,是（欄位說明僅存於新北市統計年報）,150518.0
101,,,,,,,欄位未定義,0.0,,產業,新北市政府主計處,經濟戶長比重,2012,itemvalue5,是（欄位說明僅存於新北市統計年報）,138252.0
101,,,,,,,欄位未定義,0.0,,產業,新北市政府主計處,經濟戶長比重,2012,itemvalue6,是（欄位說明僅存於新北市統計年報）,188116.0
101,,,,,,,欄位未定義,0.0,,產業,新北市政府主計處,經濟戶長比重,2012,itemvalue7,是（欄位說明僅存於新北市統計年報）,100654.0
101,,,,,,,欄位未定義,0.0,,產業,新北市政府主計處,經濟戶長比重,2012,itemvalue8,是（欄位說明僅存於新北市統計年報）,212913.0
101,,,,,,,欄位未定義,0.0,,產業,新北市政府主計處,經濟戶長比重,2012,itemvalue9,是（欄位說明僅存於新北市統計年報）,75857.0
101,,,,,,,欄位未定義,0.0,,產業,新北市政府主計處,經濟戶長比重,2012,itemvalue10,是（欄位說明僅存於新北市統計年報）,228724.0
101,,,,,,,欄位未定義,0.0,,產業,新北市政府主計處,經濟戶長比重,2012,itemvalue11,是（欄位說明僅存於新北市統計年報）,60046.0
101,,,,,,,欄位未定義,0.0,,產業,新北市政府主計處,經濟戶長比重,2012,itemvalue12,是（欄位說明僅存於新北市統計年報）,227392.0
101,,,,,,,欄位未定義,0.0,,產業,新北市政府主計處,經濟戶長比重,2012,itemvalue13,是（欄位說明僅存於新北市統計年報）,61379.0
101,,,,,,,欄位未定義,0.0,,社會參與,新北市政府主計處,客家文化,2012,itemvalue2,是（欄位說明僅存於新北市統計年報）,97.0
101,,,,,,,欄位未定義,0.0,,社會參與,新北市政府主計處,客家文化,2012,itemvalue3,是（欄位說明僅存於新北市統計年報）,33.56
101,,,,,,,欄位未定義,0.0,,社會參與,新北市政府主計處,客家文化,2012,itemvalue4,是（欄位說明僅存於新北市統計年報）,192.0
101,,,,,,,欄位未定義,0.0,,社會參與,新北市政府主計處,客家文化,2012,itemvalue5,是（欄位說明僅存於新北市統計年報）,66.44
101,,,,,,,欄位未定義,0.0,,社會參與,新北市政府主計處,客家文化,2012,itemvalue6,是（欄位說明僅存於新北市統計年報）,18.0
101,,,,,,,欄位未定義,0.0,,社會參與,新北市政府主計處,客家文化,2012,itemvalue7,是（欄位說明僅存於新北市統計年報）,29.51
101,,,,,,,欄位未定義,0.0,,社會參與,新北市政府主計處,客家文化,2012,itemvalue8,是（欄位說明僅存於新北市統計年報）,43.0
101,,,,,,,欄位未定義,0.0,,社會參與,新北市政府主計處,客家文化,2012,itemvalue9,是（欄位說明僅存於新北市統計年報）,70.49
101,,,,,,,欄位未定義,0.0,,社會參與,新北市政府主計處,客家文化,2012,itemvalue10,是（欄位說明僅存於新北市統計年報）,0.0
101,,,,,,,欄位未定義,0.0,,社會參與,新北市政府主計處,客家文化,2012,itemvalue11,是（欄位說明僅存於新北市統計年報）,0.0
101,,,,,,,欄位未定義,0.0,,社會參與,新北市政府主計處,客家文化,2012,itemvalue12,是（欄位說明僅存於新北市統計年報）,0.0
101,,,,,,,欄位未定義,0.0,,社會參與,新北市政府主計處,客家文化,2012,itemvalue13,是（欄位說明僅存於新北市統計年報）,0.0
101,,,,,,,欄位未定義,0.0,,社會參與,新北市政府主計處,市民文化,2012,itemvalue2,是（欄位說明僅存於新北市統計年報）,1017444.8
101,,,,,,,欄位未定義,0.0,,社會參與,新北市政府主計處,市民文化,2012,itemvalue3,是（欄位說明僅存於新北市統計年報）,1526167.2
101,,,,,,,欄位未定義,0.0,,社會參與,新北市政府主計處,市民文化,2012,itemvalue4,是（欄位說明僅存於新北市統計年報）,0.0
101,,,,,,,欄位未定義,0.0,,社會參與,新北市政府主計處,市民文化,2012,itemvalue5,是（欄位說明僅存於新北市統計年報）,0.0
101,,,,,,,欄位未定義,0.0,,社會參與,新北市政府主計處,市民文化,2012,itemvalue6,是（欄位說明僅存於新北市統計年報）,828.0
101,,,,,,,欄位未定義,0.0,,社會參與,新北市政府主計處,市民文化,2012,itemvalue7,是（欄位說明僅存於新北市統計年報）,1687.0
101,,,,,,,欄位未定義,0.0,,社會參與,新北市政府主計處,市民文化,2012,itemvalue8,是（欄位說明僅存於新北市統計年報）,0.0
101,,,,,,,欄位未定義,0.0,,社會參與,新北市政府主計處,市民文化,2012,itemvalue9,是（欄位說明僅存於新北市統計年報）,0.0
101,,,,,,,欄位未定義,0.0,,社會參與,新北市政府主計處,市民文化,2012,itemvalue10,是（欄位說明僅存於新北市統計年報）,4.0
101,,,,,,,欄位未定義,0.0,,社會參與,新北市政府主計處,市民文化,2012,itemvalue11,是（欄位說明僅存於新北市統計年報）,11.0
101,,,,,,,欄位未定義,0.0,,社會參與,新北市政府主計處,市民文化,2012,itemvalue12,是（欄位說明僅存於新北市統計年報）,19.0
101,,,,,,,欄位未定義,0.0,,社會參與,新北市政府主計處,市民文化,2012,itemvalue13,是（欄位說明僅存於新北市統計年報）,48.0
101,,,,,,,欄位未定義,0.0,,社會參與,新北市政府主計處,市民文化,2012,itemvalue14,是（欄位說明僅存於新北市統計年報）,122.0
101,,,,,,,欄位未定義,0.0,,社會參與,新北市政府主計處,市民文化,2012,itemvalue15,是（欄位說明僅存於新北市統計年報）,265.0
101,,,,,,,欄位未定義,0.0,,社會參與,新北市政府主計處,市民文化,2012,itemvalue16,是（欄位說明僅存於新北市統計年報）,262.0
101,,,,,,,欄位未定義,0.0,,社會參與,新北市政府主計處,市民文化,2012,itemvalue17,是（欄位說明僅存於新北市統計年報）,609.0
101,,,,,,,欄位未定義,0.0,,社會參與,新北市政府主計處,市民文化,2012,itemvalue18,是（欄位說明僅存於新北市統計年報）,301.0
101,,,,,,,欄位未定義,0.0,,社會參與,新北市政府主計處,市民文化,2012,itemvalue19,是（欄位說明僅存於新北市統計年報）,602.0
101,,,,,,,欄位未定義,0.0,,社會參與,新北市政府主計處,市民文化,2012,itemvalue20,是（欄位說明僅存於新北市統計年報）,117.0
101,,,,,,,欄位未定義,0.0,,社會參與,新北市政府主計處,市民文化,2012,itemvalue21,是（欄位說明僅存於新北市統計年報）,155.0
101,,,,,,,欄位未定義,0.0,,社會參與,新北市政府主計處,社會局所轄志工,2012,percent2,是（欄位說明僅存於新北市統計年報）,343.0
101,,,,,,,欄位未定義,0.0,,社會參與,新北市政府主計處,社會局所轄志工,2012,percent3,是（欄位說明僅存於新北市統計年報）,98.0
101,,,,,,,欄位未定義,0.0,,社會參與,新北市政府主計處,社會局所轄志工,2012,percent4,是（欄位說明僅存於新北市統計年報）,7438.0
101,,,,,,,欄位未定義,0.0,,社會參與,新北市政府主計處,社會局所轄志工,2012,percent5,是（欄位說明僅存於新北市統計年報）,21664.0
101,,,,,,,欄位未定義,0.0,,社會參與,新北市政府主計處,社會局所轄志工,2012,percent6,是（欄位說明僅存於新北市統計年報）,30.0
101,,,,,,,欄位未定義,0.0,,社會參與,新北市政府主計處,社會局所轄志工,2012,percent7,是（欄位說明僅存於新北市統計年報）,42.0
101,,,,,,,欄位未定義,0.0,,社會參與,新北市政府主計處,社會局所轄志工,2012,percent8,是（欄位說明僅存於新北市統計年報）,300.0
101,,,,,,,欄位未定義,0.0,,社會參與,新北市政府主計處,社會局所轄志工,2012,percent9,是（欄位說明僅存於新北市統計年報）,559.0
101,,,,,,,欄位未定義,0.0,,社會參與,新北市政府主計處,社會局所轄志工,2012,percent10,是（欄位說明僅存於新北市統計年報）,880.0
101,,,,,,,欄位未定義,0.0,,社會參與,新北市政府主計處,社會局所轄志工,2012,percent11,是（欄位說明僅存於新北市統計年報）,1285.0
101,,,,,,,欄位未定義,0.0,,社會參與,新北市政府主計處,社會局所轄志工,2012,percent12,是（欄位說明僅存於新北市統計年報）,1564.0
101,,,,,,,欄位未定義,0.0,,社會參與,新北市政府主計處,社會局所轄志工,2012,percent13,是（欄位說明僅存於新北市統計年報）,4932.0
101,,,,,,,欄位未定義,0.0,,社會參與,新北市政府主計處,社會局所轄志工,2012,percent14,是（欄位說明僅存於新北市統計年報）,3342.0
101,,,,,,,欄位未定義,0.0,,社會參與,新北市政府主計處,社會局所轄志工,2012,percent15,是（欄位說明僅存於新北市統計年報）,12357.0
101,,,,,,,欄位未定義,0.0,,社會參與,新北市政府主計處,社會局所轄志工,2012,percent16,是（欄位說明僅存於新北市統計年報）,1322.0
101,,,,,,,欄位未定義,0.0,,社會參與,新北市政府主計處,社會局所轄志工,2012,percent17,是（欄位說明僅存於新北市統計年報）,2489.0
101,,,,,,,欄位未定義,0.0,,社福,新北市政府主計處,中低收入戶人數及生活扶助,2012,itemvalue2,是（欄位說明僅存於新北市統計年報）,8210.0
101,,,,,,,欄位未定義,0.0,,社福,新北市政府主計處,中低收入戶人數及生活扶助,2012,itemvalue3,是（欄位說明僅存於新北市統計年報）,0.563
101,,,,,,,欄位未定義,0.0,,社福,新北市政府主計處,中低收入戶人數及生活扶助,2012,itemvalue4,是（欄位說明僅存於新北市統計年報）,23709.0
101,,,,,,,欄位未定義,0.0,,社福,新北市政府主計處,中低收入戶人數及生活扶助,2012,itemvalue5,是（欄位說明僅存於新北市統計年報）,0.6019
101,,,,,,,欄位未定義,0.0,,社福,新北市政府主計處,中低收入戶人數及生活扶助,2012,itemvalue6,是（欄位說明僅存於新北市統計年報）,0.0
101,,,,,,,欄位未定義,0.0,,社福,新北市政府主計處,中低收入戶人數及生活扶助,2012,itemvalue7,是（欄位說明僅存於新北市統計年報）,0.0
101,,,,,,,欄位未定義,0.0,,社福,新北市政府主計處,中低收入戶人數及生活扶助,2012,itemvalue8,是（欄位說明僅存於新北市統計年報）,0.0
101,,,,,,,欄位未定義,0.0,,社福,新北市政府主計處,中低收入戶人數及生活扶助,2012,itemvalue9,是（欄位說明僅存於新北市統計年報）,0.0
101,,,,,,,欄位未定義,0.0,,社福,新北市政府主計處,中低收入戶人數及生活扶助,2012,itemvalue10,是（欄位說明僅存於新北市統計年報）,0.0
101,,,,,,,欄位未定義,0.0,,社福,新北市政府主計處,中低收入戶人數及生活扶助,2012,itemvalue11,是（欄位說明僅存於新北市統計年報）,0.0
101,,,,,,,欄位未定義,0.0,,社福,新北市政府主計處,中低收入戶人數及生活扶助,2012,itemvalue12,是（欄位說明僅存於新北市統計年報）,0.0
101,,,,,,,欄位未定義,0.0,,社福,新北市政府主計處,中低收入戶人數及生活扶助,2012,itemvalue13,是（欄位說明僅存於新北市統計年報）,0.0
101,,,,,,,欄位未定義,0.0,,社福,新北市政府主計處,中低收入戶人數及生活扶助,2012,itemvalue14,是（欄位說明僅存於新北市統計年報）,0.0
101,,,,,,,欄位未定義,0.0,,社福,新北市政府主計處,中低收入戶人數及生活扶助,2012,itemvalue15,是（欄位說明僅存於新北市統計年報）,0.0
101,,,,,,,欄位未定義,0.0,,社福,新北市政府主計處,中低收入戶人數及生活扶助,2012,itemvalue16,是（欄位說明僅存於新北市統計年報）,0.0
101,,,,,,,欄位未定義,0.0,,社福,新北市政府主計處,中低收入戶人數及生活扶助,2012,itemvalue17,是（欄位說明僅存於新北市統計年報）,0.0
101,,,,,,,欄位未定義,0.0,,社福,新北市政府主計處,中低收入戶人數及生活扶助,2012,itemvalue18,是（欄位說明僅存於新北市統計年報）,0.0
101,,,,,,,欄位未定義,0.0,,社福,新北市政府主計處,中低收入戶人數及生活扶助,2012,itemvalue19,是（欄位說明僅存於新北市統計年報）,0.0
101,,,,,,,欄位未定義,0.0,,社福,新北市政府主計處,中低收入戶人數及生活扶助,2012,itemvalue20,是（欄位說明僅存於新北市統計年報）,16.0
101,,,,,,,欄位未定義,0.0,,社福,新北市政府主計處,中低收入戶人數及生活扶助,2012,itemvalue21,是（欄位說明僅存於新北市統計年報）,0.0
101,,,,,,,欄位未定義,0.0,,社福,新北市政府主計處,中低收入戶人數及生活扶助,2012,itemvalue22,是（欄位說明僅存於新北市統計年報）,0.0
101,,,,,,,欄位未定義,0.0,,社福,新北市政府主計處,中低收入戶人數及生活扶助,2012,itemvalue23,是（欄位說明僅存於新北市統計年報）,0.0
101,,,,,,,欄位未定義,0.0,,社福,新北市政府主計處,中低收入老人生活津貼與老農津貼,2012,item value2,是（欄位說明僅存於新北市統計年報）,9247.0
101,,,,,,,欄位未定義,0.0,,社福,新北市政府主計處,中低收入老人生活津貼與老農津貼,2012,item value3,是（欄位說明僅存於新北市統計年報）,4420.0
101,,,,,,,欄位未定義,0.0,,社福,新北市政府主計處,中低收入老人生活津貼與老農津貼,2012,item value4,是（欄位說明僅存於新北市統計年報）,4827.0
101,,,,,,,欄位未定義,0.0,,社福,新北市政府主計處,中低收入老人生活津貼與老農津貼,2012,item value5,是（欄位說明僅存於新北市統計年報）,736560.192
101,,,,,,,欄位未定義,0.0,,社福,新北市政府主計處,中低收入老人生活津貼與老農津貼,2012,item value6,是（欄位說明僅存於新北市統計年報）,79.0
101,,,,,,,欄位未定義,0.0,,社福,新北市政府主計處,中低收入老人生活津貼與老農津貼,2012,item value7,是（欄位說明僅存於新北市統計年報）,61.0
101,,,,,,,欄位未定義,0.0,,社福,新北市政府主計處,中低收入老人生活津貼與老農津貼,2012,item value8,是（欄位說明僅存於新北市統計年報）,18.0
101,,,,,,,欄位未定義,0.0,,社福,新北市政府主計處,中低收入老人生活津貼與老農津貼,2012,item value9,是（欄位說明僅存於新北市統計年報）,7409.992
101,,,,,,,欄位未定義,0.0,,社福,新北市政府主計處,中低收入老人生活津貼與老農津貼,2012,item value10,是（欄位說明僅存於新北市統計年報）,430.0
101,,,,,,,欄位未定義,0.0,,社福,新北市政府主計處,中低收入老人生活津貼與老農津貼,2012,item value11,是（欄位說明僅存於新北市統計年報）,321.0
101,,,,,,,欄位未定義,0.0,,社福,新北市政府主計處,中低收入老人生活津貼與老農津貼,2012,item value12,是（欄位說明僅存於新北市統計年報）,109.0
101,,,,,,,欄位未定義,0.0,,社福,新北市政府主計處,中低收入老人生活津貼與老農津貼,2012,item value13,是（欄位說明僅存於新北市統計年報）,39087.8
101,,,,,,,欄位未定義,0.0,,社福,新北市政府主計處,中低收入老人生活津貼與老農津貼,2012,item value14,是（欄位說明僅存於新北市統計年報）,1392.0
101,,,,,,,欄位未定義,0.0,,社福,新北市政府主計處,中低收入老人生活津貼與老農津貼,2012,item value15,是（欄位說明僅存於新北市統計年報）,835.0
101,,,,,,,欄位未定義,0.0,,社福,新北市政府主計處,中低收入老人生活津貼與老農津貼,2012,item value16,是（欄位說明僅存於新北市統計年報）,557.0
101,,,,,,,欄位未定義,0.0,,社福,新北市政府主計處,中低收入老人生活津貼與老農津貼,2012,item value17,是（欄位說明僅存於新北市統計年報）,113536.8
101,,,,,,,欄位未定義,0.0,,社福,新北市政府主計處,中低收入老人生活津貼與老農津貼,2012,item value18,是（欄位說明僅存於新北市統計年報）,6672.0
101,,,,,,,欄位未定義,0.0,,社福,新北市政府主計處,中低收入老人生活津貼與老農津貼,2012,item value19,是（欄位說明僅存於新北市統計年報）,2856.0
101,,,,,,,欄位未定義,0.0,,社福,新北市政府主計處,中低收入老人生活津貼與老農津貼,2012,item value20,是（欄位說明僅存於新北市統計年報）,3816.0
101,,,,,,,欄位未定義,0.0,,社福,新北市政府主計處,中低收入老人生活津貼與老農津貼,2012,item value21,是（欄位說明僅存於新北市統計年報）,550252.8
101,,,,,,,欄位未定義,0.0,,社福,新北市政府主計處,中低收入老人生活津貼與老農津貼,2012,item value22,是（欄位說明僅存於新北市統計年報）,674.0
101,,,,,,,欄位未定義,0.0,,社福,新北市政府主計處,中低收入老人生活津貼與老農津貼,2012,item value23,是（欄位說明僅存於新北市統計年報）,347.0
101,,,,,,,欄位未定義,0.0,,社福,新北市政府主計處,中低收入老人生活津貼與老農津貼,2012,item value24,是（欄位說明僅存於新北市統計年報）,327.0
101,,,,,,,欄位未定義,0.0,,社福,新北市政府主計處,中低收入老人生活津貼與老農津貼,2012,item value25,是（欄位說明僅存於新北市統計年報）,26272.8
101,,,,,,,欄位未定義,0.0,,社福,新北市政府主計處,中低收入老人生活津貼與老農津貼,2012,item value26,是（欄位說明僅存於新北市統計年報）,25723.0
101,,,,,,,欄位未定義,0.0,,社福,新北市政府主計處,中低收入老人生活津貼與老農津貼,2012,item value27,是（欄位說明僅存於新北市統計年報）,12484.0
101,,,,,,,欄位未定義,0.0,,社福,新北市政府主計處,中低收入老人生活津貼與老農津貼,2012,item value28,是（欄位說明僅存於新北市統計年報）,13239.0
101,,,,,,,欄位未定義,0.0,,社福,新北市政府主計處,中低收入老人生活津貼與老農津貼,2012,item value29,是（欄位說明僅存於新北市統計年報）,2156563.005
101,,,,,,,欄位未定義,0.0,,社福,新北市政府主計處,低收入戶人數及生活扶助,2012,itemvalue2,是（欄位說明僅存於新北市統計年報）,23672.0
101,,,,,,,欄位未定義,0.0,,社福,新北市政府主計處,低收入戶人數及生活扶助,2012,itemvalue3,是（欄位說明僅存於新北市統計年報）,1.6233
101,,,,,,,欄位未定義,0.0,,社福,新北市政府主計處,低收入戶人數及生活扶助,2012,itemvalue4,是（欄位說明僅存於新北市統計年報）,61085.0
101,,,,,,,欄位未定義,0.0,,社福,新北市政府主計處,低收入戶人數及生活扶助,2012,itemvalue5,是（欄位說明僅存於新北市統計年報）,1.5507
101,,,,,,,欄位未定義,0.0,,社福,新北市政府主計處,低收入戶人數及生活扶助,2012,itemvalue6,是（欄位說明僅存於新北市統計年報）,160.0
101,,,,,,,欄位未定義,0.0,,社福,新北市政府主計處,低收入戶人數及生活扶助,2012,itemvalue7,是（欄位說明僅存於新北市統計年報）,174.0
101,,,,,,,欄位未定義,0.0,,社福,新北市政府主計處,低收入戶人數及生活扶助,2012,itemvalue8,是（欄位說明僅存於新北市統計年報）,2341.0
101,,,,,,,欄位未定義,0.0,,社福,新北市政府主計處,低收入戶人數及生活扶助,2012,itemvalue9,是（欄位說明僅存於新北市統計年報）,5187.0
101,,,,,,,欄位未定義,0.0,,社福,新北市政府主計處,低收入戶人數及生活扶助,2012,itemvalue10,是（欄位說明僅存於新北市統計年報）,21171.0
101,,,,,,,欄位未定義,0.0,,社福,新北市政府主計處,低收入戶人數及生活扶助,2012,itemvalue11,是（欄位說明僅存於新北市統計年報）,55724.0
101,,,,,,,欄位未定義,0.0,,社福,新北市政府主計處,低收入戶人數及生活扶助,2012,itemvalue12,是（欄位說明僅存於新北市統計年報）,218393.0
101,,,,,,,欄位未定義,0.0,,社福,新北市政府主計處,低收入戶人數及生活扶助,2012,itemvalue13,是（欄位說明僅存於新北市統計年報）,26373.0
101,,,,,,,欄位未定義,0.0,,社福,新北市政府主計處,低收入戶人數及生活扶助,2012,itemvalue14,是（欄位說明僅存於新北市統計年報）,737058300.0
101,,,,,,,欄位未定義,0.0,,社福,新北市政府主計處,低收入戶人數及生活扶助,2012,itemvalue15,是（欄位說明僅存於新北市統計年報）,75021.0
101,,,,,,,欄位未定義,0.0,,社福,新北市政府主計處,低收入戶人數及生活扶助,2012,itemvalue16,是（欄位說明僅存於新北市統計年報）,442121200.0
101,,,,,,,欄位未定義,0.0,,社福,新北市政府主計處,低收入戶人數及生活扶助,2012,percent17,是（欄位說明僅存於新北市統計年報）,9.0
101,,,,,,,欄位未定義,0.0,,社福,新北市政府主計處,低收入戶人數及生活扶助,2012,percent18,是（欄位說明僅存於新北市統計年報）,0.0
101,,,,,,,欄位未定義,0.0,,社福,新北市政府主計處,低收入戶人數及生活扶助,2012,percent19,是（欄位說明僅存於新北市統計年報）,706.0
101,,,,,,,欄位未定義,0.0,,社福,新北市政府主計處,低收入戶人數及生活扶助,2012,percent20,是（欄位說明僅存於新北市統計年報）,13127898.0
101,,,,,,,欄位未定義,0.0,,社福,新北市政府主計處,低收入戶人數及生活扶助,2012,percent21,是（欄位說明僅存於新北市統計年報）,0.0
101,,,,,,,欄位未定義,0.0,,社福,新北市政府主計處,低收入戶人數及生活扶助,2012,percent22,是（欄位說明僅存於新北市統計年報）,0.0
101,,,,,,,欄位未定義,0.0,,社福,新北市政府主計處,低收入戶人數及生活扶助,2012,percent23,是（欄位說明僅存於新北市統計年報）,0.0
101,,,,,,,欄位未定義,0.0,,社福,新北市政府主計處,低收入戶人數及生活扶助,2012,percent24,是（欄位說明僅存於新北市統計年報）,0.0
101,,,,,,,欄位未定義,0.0,,社福,新北市政府主計處,低收入戶人數及生活扶助,2012,percent25,是（欄位說明僅存於新北市統計年報）,19103.0
101,,,,,,,欄位未定義,0.0,,社福,新北市政府主計處,低收入戶人數及生活扶助,2012,percent26,是（欄位說明僅存於新北市統計年報）,15107536.0
101,,,,,,,欄位未定義,0.0,,社福,新北市政府主計處,低收入戶人數及生活扶助,2012,percent27,是（欄位說明僅存於新北市統計年報）,150.0
101,,,,,,,欄位未定義,0.0,,社福,新北市政府主計處,低收入戶人數及生活扶助,2012,percent28,是（欄位說明僅存於新北市統計年報）,4299703.0
101,,,,,,,欄位未定義,0.0,,社福,新北市政府主計處,身心障礙,2012,percent2,是（欄位說明僅存於新北市統計年報）,87424.0
101,,,,,,,欄位未定義,0.0,,社福,新北市政府主計處,身心障礙,2012,percent3,是（欄位說明僅存於新北市統計年報）,63691.0
101,,,,,,,欄位未定義,0.0,,社福,新北市政府主計處,身心障礙,2012,percent4,是（欄位說明僅存於新北市統計年報）,835.0
101,,,,,,,欄位未定義,0.0,,社福,新北市政府主計處,身心障礙,2012,percent5,是（欄位說明僅存於新北市統計年報）,468.0
101,,,,,,,欄位未定義,0.0,,社福,新北市政府主計處,身心障礙,2012,percent6,是（欄位說明僅存於新北市統計年報）,2451.0
101,,,,,,,欄位未定義,0.0,,社福,新北市政府主計處,身心障礙,2012,percent7,是（欄位說明僅存於新北市統計年報）,1284.0
101,,,,,,,欄位未定義,0.0,,社福,新北市政府主計處,身心障礙,2012,percent8,是（欄位說明僅存於新北市統計年報）,1467.0
101,,,,,,,欄位未定義,0.0,,社福,新北市政府主計處,身心障礙,2012,percent9,是（欄位說明僅存於新北市統計年報）,915.0
101,,,,,,,欄位未定義,0.0,,社福,新北市政府主計處,身心障礙,2012,percent10,是（欄位說明僅存於新北市統計年報）,1517.0
101,,,,,,,欄位未定義,0.0,,社福,新北市政府主計處,身心障礙,2012,percent11,是（欄位說明僅存於新北市統計年報）,985.0
101,,,,,,,欄位未定義,0.0,,社福,新北市政府主計處,身心障礙,2012,percent12,是（欄位說明僅存於新北市統計年報）,7137.0
101,,,,,,,欄位未定義,0.0,,社福,新北市政府主計處,身心障礙,2012,percent13,是（欄位說明僅存於新北市統計年報）,4353.0
101,,,,,,,欄位未定義,0.0,,社福,新北市政府主計處,身心障礙,2012,percent14,是（欄位說明僅存於新北市統計年報）,14402.0
101,,,,,,,欄位未定義,0.0,,社福,新北市政府主計處,身心障礙,2012,percent15,是（欄位說明僅存於新北市統計年報）,9332.0
101,,,,,,,欄位未定義,0.0,,社福,新北市政府主計處,身心障礙,2012,percent16,是（欄位說明僅存於新北市統計年報）,26383.0
101,,,,,,,欄位未定義,0.0,,社福,新北市政府主計處,身心障礙,2012,percent17,是（欄位說明僅存於新北市統計年報）,18115.0
101,,,,,,,欄位未定義,0.0,,社福,新北市政府主計處,身心障礙,2012,percent18,是（欄位說明僅存於新北市統計年報）,8320.0
101,,,,,,,欄位未定義,0.0,,社福,新北市政府主計處,身心障礙,2012,percent19,是（欄位說明僅存於新北市統計年報）,5728.0
101,,,,,,,欄位未定義,0.0,,社福,新北市政府主計處,身心障礙,2012,percent20,是（欄位說明僅存於新北市統計年報）,24912.0
101,,,,,,,欄位未定義,0.0,,社福,新北市政府主計處,身心障礙,2012,percent21,是（欄位說明僅存於新北市統計年報）,22511.0
101,,,,,,,欄位未定義,0.0,,社福,新北市政府主計處,身心障礙,2012,percent22,是（欄位說明僅存於新北市統計年報）,4.4910965593
101,,,,,,,欄位未定義,0.0,,社福,新北市政府主計處,身心障礙,2012,percent23,是（欄位說明僅存於新北市統計年報）,3.196219397
101,,,,,,,欄位未定義,0.0,,社福,新北市政府主計處,身心障礙人數(101年以後),2012 |  新北市,itemvalue3,是（欄位說明僅存於新北市統計年報）,151115.0
101,,,,,,,欄位未定義,0.0,,社福,新北市政府主計處,身心障礙人數(101年以後),2012 |  板橋區,itemvalue3,是（欄位說明僅存於新北市統計年報）,20755.0
101,,,,,,,欄位未定義,0.0,,社福,新北市政府主計處,身心障礙人數(101年以後),2012 |  三重區,itemvalue3,是（欄位說明僅存於新北市統計年報）,15922.0
101,,,,,,,欄位未定義,0.0,,社福,新北市政府主計處,身心障礙人數(101年以後),2012 |  中和區,itemvalue3,是（欄位說明僅存於新北市統計年報）,16000.0
101,,,,,,,欄位未定義,0.0,,社福,新北市政府主計處,身心障礙人數(101年以後),2012 |  永和區,itemvalue3,是（欄位說明僅存於新北市統計年報）,8091.0
101,,,,,,,欄位未定義,0.0,,社福,新北市政府主計處,身心障礙人數(101年以後),2012 |  新莊區,itemvalue3,是（欄位說明僅存於新北市統計年報）,14195.0
101,,,,,,,欄位未定義,0.0,,社福,新北市政府主計處,身心障礙人數(101年以後),2012 |  新店區,itemvalue3,是（欄位說明僅存於新北市統計年報）,11411.0
101,,,,,,,欄位未定義,0.0,,社福,新北市政府主計處,身心障礙人數(101年以後),2012 |  樹林區,itemvalue3,是（欄位說明僅存於新北市統計年報）,6627.0
101,,,,,,,欄位未定義,0.0,,社福,新北市政府主計處,身心障礙人數(101年以後),2012 |  鶯歌區,itemvalue3,是（欄位說明僅存於新北市統計年報）,3597.0
101,,,,,,,欄位未定義,0.0,,社福,新北市政府主計處,身心障礙人數(101年以後),2012 |  三峽區,itemvalue3,是（欄位說明僅存於新北市統計年報）,4641.0
101,,,,,,,欄位未定義,0.0,,社福,新北市政府主計處,身心障礙人數(101年以後),2012 |  淡水區,itemvalue3,是（欄位說明僅存於新北市統計年報）,5229.0
101,,,,,,,欄位未定義,0.0,,社福,新北市政府主計處,身心障礙人數(101年以後),2012 |  汐止區,itemvalue3,是（欄位說明僅存於新北市統計年報）,7115.0
101,,,,,,,欄位未定義,0.0,,社福,新北市政府主計處,身心障礙人數(101年以後),2012 |  瑞芳區,itemvalue3,是（欄位說明僅存於新北市統計年報）,3065.0
101,,,,,,,欄位未定義,0.0,,社福,新北市政府主計處,身心障礙人數(101年以後),2012 |  土城區,itemvalue3,是（欄位說明僅存於新北市統計年報）,9022.0
101,,,,,,,欄位未定義,0.0,,社福,新北市政府主計處,身心障礙人數(101年以後),2012 |  蘆洲區,itemvalue3,是（欄位說明僅存於新北市統計年報）,6897.0
101,,,,,,,欄位未定義,0.0,,社福,新北市政府主計處,身心障礙人數(101年以後),2012 |  五股區,itemvalue3,是（欄位說明僅存於新北市統計年報）,3251.0
101,,,,,,,欄位未定義,0.0,,社福,新北市政府主計處,身心障礙人數(101年以後),2012 |  泰山區,itemvalue3,是（欄位說明僅存於新北市統計年報）,2771.0
101,,,,,,,欄位未定義,0.0,,社福,新北市政府主計處,身心障礙人數(101年以後),2012 |  林口區,itemvalue3,是（欄位說明僅存於新北市統計年報）,2680.0
101,,,,,,,欄位未定義,0.0,,社福,新北市政府主計處,身心障礙人數(101年以後),2012 |  深坑區,itemvalue3,是（欄位說明僅存於新北市統計年報）,961.0
101,,,,,,,欄位未定義,0.0,,社福,新北市政府主計處,身心障礙人數(101年以後),2012 |  石碇區,itemvalue3,是（欄位說明僅存於新北市統計年報）,531.0
101,,,,,,,欄位未定義,0.0,,社福,新北市政府主計處,身心障礙人數(101年以後),2012 |  坪林區,itemvalue3,是（欄位說明僅存於新北市統計年報）,355.0
101,,,,,,,欄位未定義,0.0,,社福,新北市政府主計處,身心障礙人數(101年以後),2012 |  三芝區,itemvalue3,是（欄位說明僅存於新北市統計年報）,1112.0
101,,,,,,,欄位未定義,0.0,,社福,新北市政府主計處,身心障礙人數(101年以後),2012 |  石門區,itemvalue3,是（欄位說明僅存於新北市統計年報）,583.0
101,,,,,,,欄位未定義,0.0,,社福,新北市政府主計處,身心障礙人數(101年以後),2012 |  八里區,itemvalue3,是（欄位說明僅存於新北市統計年報）,1403.0
101,,,,,,,欄位未定義,0.0,,社福,新北市政府主計處,身心障礙人數(101年以後),2012 |  平溪區,itemvalue3,是（欄位說明僅存於新北市統計年報）,507.0
101,,,,,,,欄位未定義,0.0,,社福,新北市政府主計處,身心障礙人數(101年以後),2012 |  雙溪區,itemvalue3,是（欄位說明僅存於新北市統計年報）,713.0
101,,,,,,,欄位未定義,0.0,,社福,新北市政府主計處,身心障礙人數(101年以後),2012 |  貢寮區,itemvalue3,是（欄位說明僅存於新北市統計年報）,845.0
101,,,,,,,欄位未定義,0.0,,社福,新北市政府主計處,身心障礙人數(101年以後),2012 |  金山區,itemvalue3,是（欄位說明僅存於新北市統計年報）,1158.0
101,,,,,,,欄位未定義,0.0,,社福,新北市政府主計處,身心障礙人數(101年以後),2012 |  萬里區,itemvalue3,是（欄位說明僅存於新北市統計年報）,1383.0
101,,,,,,,欄位未定義,0.0,,社福,新北市政府主計處,身心障礙人數(101年以後),2012 |  烏來區,itemvalue3,是（欄位說明僅存於新北市統計年報）,295.0
101,,,,,,,欄位未定義,0.0,,社福,新北市政府主計處,身心障礙人數(101年以後),2012 |  新北市,itemvalue4,是（欄位說明僅存於新北市統計年報）,87424.0
101,,,,,,,欄位未定義,0.0,,社福,新北市政府主計處,身心障礙人數(101年以後),2012 |  板橋區,itemvalue4,是（欄位說明僅存於新北市統計年報）,12108.0
101,,,,,,,欄位未定義,0.0,,社福,新北市政府主計處,身心障礙人數(101年以後),2012 |  三重區,itemvalue4,是（欄位說明僅存於新北市統計年報）,9314.0
101,,,,,,,欄位未定義,0.0,,社福,新北市政府主計處,身心障礙人數(101年以後),2012 |  中和區,itemvalue4,是（欄位說明僅存於新北市統計年報）,9083.0
101,,,,,,,欄位未定義,0.0,,社福,新北市政府主計處,身心障礙人數(101年以後),2012 |  永和區,itemvalue4,是（欄位說明僅存於新北市統計年報）,4545.0
101,,,,,,,欄位未定義,0.0,,社福,新北市政府主計處,身心障礙人數(101年以後),2012 |  新莊區,itemvalue4,是（欄位說明僅存於新北市統計年報）,8315.0
101,,,,,,,欄位未定義,0.0,,社福,新北市政府主計處,身心障礙人數(101年以後),2012 |  新店區,itemvalue4,是（欄位說明僅存於新北市統計年報）,6417.0
101,,,,,,,欄位未定義,0.0,,社福,新北市政府主計處,身心障礙人數(101年以後),2012 |  樹林區,itemvalue4,是（欄位說明僅存於新北市統計年報）,3895.0
101,,,,,,,欄位未定義,0.0,,社福,新北市政府主計處,身心障礙人數(101年以後),2012 |  鶯歌區,itemvalue4,是（欄位說明僅存於新北市統計年報）,2101.0
101,,,,,,,欄位未定義,0.0,,社福,新北市政府主計處,身心障礙人數(101年以後),2012 |  三峽區,itemvalue4,是（欄位說明僅存於新北市統計年報）,2798.0
101,,,,,,,欄位未定義,0.0,,社福,新北市政府主計處,身心障礙人數(101年以後),2012 |  淡水區,itemvalue4,是（欄位說明僅存於新北市統計年報）,2997.0
101,,,,,,,欄位未定義,0.0,,社福,新北市政府主計處,身心障礙人數(101年以後),2012 |  汐止區,itemvalue4,是（欄位說明僅存於新北市統計年報）,4040.0
101,,,,,,,欄位未定義,0.0,,社福,新北市政府主計處,身心障礙人數(101年以後),2012 |  瑞芳區,itemvalue4,是（欄位說明僅存於新北市統計年報）,1740.0
101,,,,,,,欄位未定義,0.0,,社福,新北市政府主計處,身心障礙人數(101年以後),2012 |  土城區,itemvalue4,是（欄位說明僅存於新北市統計年報）,5241.0
101,,,,,,,欄位未定義,0.0,,社福,新北市政府主計處,身心障礙人數(101年以後),2012 |  蘆洲區,itemvalue4,是（欄位說明僅存於新北市統計年報）,3977.0
101,,,,,,,欄位未定義,0.0,,社福,新北市政府主計處,身心障礙人數(101年以後),2012 |  五股區,itemvalue4,是（欄位說明僅存於新北市統計年報）,1923.0
101,,,,,,,欄位未定義,0.0,,社福,新北市政府主計處,身心障礙人數(101年以後),2012 |  泰山區,itemvalue4,是（欄位說明僅存於新北市統計年報）,1585.0
101,,,,,,,欄位未定義,0.0,,社福,新北市政府主計處,身心障礙人數(101年以後),2012 |  林口區,itemvalue4,是（欄位說明僅存於新北市統計年報）,1535.0
101,,,,,,,欄位未定義,0.0,,社福,新北市政府主計處,身心障礙人數(101年以後),2012 |  深坑區,itemvalue4,是（欄位說明僅存於新北市統計年報）,556.0
101,,,,,,,欄位未定義,0.0,,社福,新北市政府主計處,身心障礙人數(101年以後),2012 |  石碇區,itemvalue4,是（欄位說明僅存於新北市統計年報）,349.0
101,,,,,,,欄位未定義,0.0,,社福,新北市政府主計處,身心障礙人數(101年以後),2012 |  坪林區,itemvalue4,是（欄位說明僅存於新北市統計年報）,200.0
101,,,,,,,欄位未定義,0.0,,社福,新北市政府主計處,身心障礙人數(101年以後),2012 |  三芝區,itemvalue4,是（欄位說明僅存於新北市統計年報）,664.0
101,,,,,,,欄位未定義,0.0,,社福,新北市政府主計處,身心障礙人數(101年以後),2012 |  石門區,itemvalue4,是（欄位說明僅存於新北市統計年報）,358.0
101,,,,,,,欄位未定義,0.0,,社福,新北市政府主計處,身心障礙人數(101年以後),2012 |  八里區,itemvalue4,是（欄位說明僅存於新北市統計年報）,843.0
101,,,,,,,欄位未定義,0.0,,社福,新北市政府主計處,身心障礙人數(101年以後),2012 |  平溪區,itemvalue4,是（欄位說明僅存於新北市統計年報）,306.0
101,,,,,,,欄位未定義,0.0,,社福,新北市政府主計處,身心障礙人數(101年以後),2012 |  雙溪區,itemvalue4,是（欄位說明僅存於新北市統計年報）,392.0
101,,,,,,,欄位未定義,0.0,,社福,新北市政府主計處,身心障礙人數(101年以後),2012 |  貢寮區,itemvalue4,是（欄位說明僅存於新北市統計年報）,488.0
101,,,,,,,欄位未定義,0.0,,社福,新北市政府主計處,身心障礙人數(101年以後),2012 |  金山區,itemvalue4,是（欄位說明僅存於新北市統計年報）,677.0
101,,,,,,,欄位未定義,0.0,,社福,新北市政府主計處,身心障礙人數(101年以後),2012 |  萬里區,itemvalue4,是（欄位說明僅存於新北市統計年報）,799.0
101,,,,,,,欄位未定義,0.0,,社福,新北市政府主計處,身心障礙人數(101年以後),2012 |  烏來區,itemvalue4,是（欄位說明僅存於新北市統計年報）,178.0
101,,,,,,,欄位未定義,0.0,,社福,新北市政府主計處,身心障礙人數(101年以後),2012 |  新北市,itemvalue5,是（欄位說明僅存於新北市統計年報）,63691.0
101,,,,,,,欄位未定義,0.0,,社福,新北市政府主計處,身心障礙人數(101年以後),2012 |  板橋區,itemvalue5,是（欄位說明僅存於新北市統計年報）,8647.0
101,,,,,,,欄位未定義,0.0,,社福,新北市政府主計處,身心障礙人數(101年以後),2012 |  三重區,itemvalue5,是（欄位說明僅存於新北市統計年報）,6608.0
101,,,,,,,欄位未定義,0.0,,社福,新北市政府主計處,身心障礙人數(101年以後),2012 |  中和區,itemvalue5,是（欄位說明僅存於新北市統計年報）,6917.0
101,,,,,,,欄位未定義,0.0,,社福,新北市政府主計處,身心障礙人數(101年以後),2012 |  永和區,itemvalue5,是（欄位說明僅存於新北市統計年報）,3546.0
101,,,,,,,欄位未定義,0.0,,社福,新北市政府主計處,身心障礙人數(101年以後),2012 |  新莊區,itemvalue5,是（欄位說明僅存於新北市統計年報）,5880.0
101,,,,,,,欄位未定義,0.0,,社福,新北市政府主計處,身心障礙人數(101年以後),2012 |  新店區,itemvalue5,是（欄位說明僅存於新北市統計年報）,4994.0
101,,,,,,,欄位未定義,0.0,,社福,新北市政府主計處,身心障礙人數(101年以後),2012 |  樹林區,itemvalue5,是（欄位說明僅存於新北市統計年報）,2732.0
101,,,,,,,欄位未定義,0.0,,社福,新北市政府主計處,身心障礙人數(101年以後),2012 |  鶯歌區,itemvalue5,是（欄位說明僅存於新北市統計年報）,1496.0
101,,,,,,,欄位未定義,0.0,,社福,新北市政府主計處,身心障礙人數(101年以後),2012 |  三峽區,itemvalue5,是（欄位說明僅存於新北市統計年報）,1843.0
101,,,,,,,欄位未定義,0.0,,社福,新北市政府主計處,身心障礙人數(101年以後),2012 |  淡水區,itemvalue5,是（欄位說明僅存於新北市統計年報）,2232.0
101,,,,,,,欄位未定義,0.0,,社福,新北市政府主計處,身心障礙人數(101年以後),2012 |  汐止區,itemvalue5,是（欄位說明僅存於新北市統計年報）,3075.0
101,,,,,,,欄位未定義,0.0,,社福,新北市政府主計處,身心障礙人數(101年以後),2012 |  瑞芳區,itemvalue5,是（欄位說明僅存於新北市統計年報）,1325.0
101,,,,,,,欄位未定義,0.0,,社福,新北市政府主計處,身心障礙人數(101年以後),2012 |  土城區,itemvalue5,是（欄位說明僅存於新北市統計年報）,3781.0
101,,,,,,,欄位未定義,0.0,,社福,新北市政府主計處,身心障礙人數(101年以後),2012 |  蘆洲區,itemvalue5,是（欄位說明僅存於新北市統計年報）,2920.0
101,,,,,,,欄位未定義,0.0,,社福,新北市政府主計處,身心障礙人數(101年以後),2012 |  五股區,itemvalue5,是（欄位說明僅存於新北市統計年報）,1328.0
101,,,,,,,欄位未定義,0.0,,社福,新北市政府主計處,身心障礙人數(101年以後),2012 |  泰山區,itemvalue5,是（欄位說明僅存於新北市統計年報）,1186.0
101,,,,,,,欄位未定義,0.0,,社福,新北市政府主計處,身心障礙人數(101年以後),2012 |  林口區,itemvalue5,是（欄位說明僅存於新北市統計年報）,1145.0
101,,,,,,,欄位未定義,0.0,,社福,新北市政府主計處,身心障礙人數(101年以後),2012 |  深坑區,itemvalue5,是（欄位說明僅存於新北市統計年報）,405.0
101,,,,,,,欄位未定義,0.0,,社福,新北市政府主計處,身心障礙人數(101年以後),2012 |  石碇區,itemvalue5,是（欄位說明僅存於新北市統計年報）,182.0
101,,,,,,,欄位未定義,0.0,,社福,新北市政府主計處,身心障礙人數(101年以後),2012 |  坪林區,itemvalue5,是（欄位說明僅存於新北市統計年報）,155.0
101,,,,,,,欄位未定義,0.0,,社福,新北市政府主計處,身心障礙人數(101年以後),2012 |  三芝區,itemvalue5,是（欄位說明僅存於新北市統計年報）,448.0
101,,,,,,,欄位未定義,0.0,,社福,新北市政府主計處,身心障礙人數(101年以後),2012 |  石門區,itemvalue5,是（欄位說明僅存於新北市統計年報）,225.0
101,,,,,,,欄位未定義,0.0,,社福,新北市政府主計處,身心障礙人數(101年以後),2012 |  八里區,itemvalue5,是（欄位說明僅存於新北市統計年報）,560.0
101,,,,,,,欄位未定義,0.0,,社福,新北市政府主計處,身心障礙人數(101年以後),2012 |  平溪區,itemvalue5,是（欄位說明僅存於新北市統計年報）,201.0
101,,,,,,,欄位未定義,0.0,,社福,新北市政府主計處,身心障礙人數(101年以後),2012 |  雙溪區,itemvalue5,是（欄位說明僅存於新北市統計年報）,321.0
101,,,,,,,欄位未定義,0.0,,社福,新北市政府主計處,身心障礙人數(101年以後),2012 |  貢寮區,itemvalue5,是（欄位說明僅存於新北市統計年報）,357.0
101,,,,,,,欄位未定義,0.0,,社福,新北市政府主計處,身心障礙人數(101年以後),2012 |  金山區,itemvalue5,是（欄位說明僅存於新北市統計年報）,481.0
101,,,,,,,欄位未定義,0.0,,社福,新北市政府主計處,身心障礙人數(101年以後),2012 |  萬里區,itemvalue5,是（欄位說明僅存於新北市統計年報）,584.0
101,,,,,,,欄位未定義,0.0,,社福,新北市政府主計處,身心障礙人數(101年以後),2012 |  烏來區,itemvalue5,是（欄位說明僅存於新北市統計年報）,117.0
101,,,,,,,欄位未定義,0.0,,社福,新北市政府主計處,身心障礙人數(101年以後),2012 |  新北市,itemvalue6,是（欄位說明僅存於新北市統計年報）,137730.0
101,,,,,,,欄位未定義,0.0,,社福,新北市政府主計處,身心障礙人數(101年以後),2012 |  板橋區,itemvalue6,是（欄位說明僅存於新北市統計年報）,18978.0
101,,,,,,,欄位未定義,0.0,,社福,新北市政府主計處,身心障礙人數(101年以後),2012 |  三重區,itemvalue6,是（欄位說明僅存於新北市統計年報）,14493.0
101,,,,,,,欄位未定義,0.0,,社福,新北市政府主計處,身心障礙人數(101年以後),2012 |  中和區,itemvalue6,是（欄位說明僅存於新北市統計年報）,14453.0
101,,,,,,,欄位未定義,0.0,,社福,新北市政府主計處,身心障礙人數(101年以後),2012 |  永和區,itemvalue6,是（欄位說明僅存於新北市統計年報）,7332.0
101,,,,,,,欄位未定義,0.0,,社福,新北市政府主計處,身心障礙人數(101年以後),2012 |  新莊區,itemvalue6,是（欄位說明僅存於新北市統計年報）,12999.0
101,,,,,,,欄位未定義,0.0,,社福,新北市政府主計處,身心障礙人數(101年以後),2012 |  新店區,itemvalue6,是（欄位說明僅存於新北市統計年報）,10331.0
101,,,,,,,欄位未定義,0.0,,社福,新北市政府主計處,身心障礙人數(101年以後),2012 |  樹林區,itemvalue6,是（欄位說明僅存於新北市統計年報）,6089.0
101,,,,,,,欄位未定義,0.0,,社福,新北市政府主計處,身心障礙人數(101年以後),2012 |  鶯歌區,itemvalue6,是（欄位說明僅存於新北市統計年報）,3249.0
101,,,,,,,欄位未定義,0.0,,社福,新北市政府主計處,身心障礙人數(101年以後),2012 |  三峽區,itemvalue6,是（欄位說明僅存於新北市統計年報）,4205.0
101,,,,,,,欄位未定義,0.0,,社福,新北市政府主計處,身心障礙人數(101年以後),2012 |  淡水區,itemvalue6,是（欄位說明僅存於新北市統計年報）,4739.0
101,,,,,,,欄位未定義,0.0,,社福,新北市政府主計處,身心障礙人數(101年以後),2012 |  汐止區,itemvalue6,是（欄位說明僅存於新北市統計年報）,6466.0
101,,,,,,,欄位未定義,0.0,,社福,新北市政府主計處,身心障礙人數(101年以後),2012 |  瑞芳區,itemvalue6,是（欄位說明僅存於新北市統計年報）,2838.0
101,,,,,,,欄位未定義,0.0,,社福,新北市政府主計處,身心障礙人數(101年以後),2012 |  土城區,itemvalue6,是（欄位說明僅存於新北市統計年報）,8286.0
101,,,,,,,欄位未定義,0.0,,社福,新北市政府主計處,身心障礙人數(101年以後),2012 |  蘆洲區,itemvalue6,是（欄位說明僅存於新北市統計年報）,6321.0
101,,,,,,,欄位未定義,0.0,,社福,新北市政府主計處,身心障礙人數(101年以後),2012 |  五股區,itemvalue6,是（欄位說明僅存於新北市統計年報）,2940.0
101,,,,,,,欄位未定義,0.0,,社福,新北市政府主計處,身心障礙人數(101年以後),2012 |  泰山區,itemvalue6,是（欄位說明僅存於新北市統計年報）,2551.0
101,,,,,,,欄位未定義,0.0,,社福,新北市政府主計處,身心障礙人數(101年以後),2012 |  林口區,itemvalue6,是（欄位說明僅存於新北市統計年報）,2480.0
101,,,,,,,欄位未定義,0.0,,社福,新北市政府主計處,身心障礙人數(101年以後),2012 |  深坑區,itemvalue6,是（欄位說明僅存於新北市統計年報）,874.0
101,,,,,,,欄位未定義,0.0,,社福,新北市政府主計處,身心障礙人數(101年以後),2012 |  石碇區,itemvalue6,是（欄位說明僅存於新北市統計年報）,473.0
101,,,,,,,欄位未定義,0.0,,社福,新北市政府主計處,身心障礙人數(101年以後),2012 |  坪林區,itemvalue6,是（欄位說明僅存於新北市統計年報）,328.0
101,,,,,,,欄位未定義,0.0,,社福,新北市政府主計處,身心障礙人數(101年以後),2012 |  三芝區,itemvalue6,是（欄位說明僅存於新北市統計年報）,995.0
101,,,,,,,欄位未定義,0.0,,社福,新北市政府主計處,身心障礙人數(101年以後),2012 |  石門區,itemvalue6,是（欄位說明僅存於新北市統計年報）,538.0
101,,,,,,,欄位未定義,0.0,,社福,新北市政府主計處,身心障礙人數(101年以後),2012 |  八里區,itemvalue6,是（欄位說明僅存於新北市統計年報）,1268.0
101,,,,,,,欄位未定義,0.0,,社福,新北市政府主計處,身心障礙人數(101年以後),2012 |  平溪區,itemvalue6,是（欄位說明僅存於新北市統計年報）,464.0
101,,,,,,,欄位未定義,0.0,,社福,新北市政府主計處,身心障礙人數(101年以後),2012 |  雙溪區,itemvalue6,是（欄位說明僅存於新北市統計年報）,657.0
101,,,,,,,欄位未定義,0.0,,社福,新北市政府主計處,身心障礙人數(101年以後),2012 |  貢寮區,itemvalue6,是（欄位說明僅存於新北市統計年報）,776.0
101,,,,,,,欄位未定義,0.0,,社福,新北市政府主計處,身心障礙人數(101年以後),2012 |  金山區,itemvalue6,是（欄位說明僅存於新北市統計年報）,1074.0
101,,,,,,,欄位未定義,0.0,,社福,新北市政府主計處,身心障礙人數(101年以後),2012 |  萬里區,itemvalue6,是（欄位說明僅存於新北市統計年報）,1259.0
101,,,,,,,欄位未定義,0.0,,社福,新北市政府主計處,身心障礙人數(101年以後),2012 |  烏來區,itemvalue6,是（欄位說明僅存於新北市統計年報）,274.0
101,,,,,,,欄位未定義,0.0,,社福,新北市政府主計處,身心障礙人數(101年以後),2012 |  新北市,itemvalue7,是（欄位說明僅存於新北市統計年報）,79923.0
101,,,,,,,欄位未定義,0.0,,社福,新北市政府主計處,身心障礙人數(101年以後),2012 |  板橋區,itemvalue7,是（欄位說明僅存於新北市統計年報）,11105.0
101,,,,,,,欄位未定義,0.0,,社福,新北市政府主計處,身心障礙人數(101年以後),2012 |  三重區,itemvalue7,是（欄位說明僅存於新北市統計年報）,8526.0
101,,,,,,,欄位未定義,0.0,,社福,新北市政府主計處,身心障礙人數(101年以後),2012 |  中和區,itemvalue7,是（欄位說明僅存於新北市統計年報）,8228.0
101,,,,,,,欄位未定義,0.0,,社福,新北市政府主計處,身心障礙人數(101年以後),2012 |  永和區,itemvalue7,是（欄位說明僅存於新北市統計年報）,4110.0
101,,,,,,,欄位未定義,0.0,,社福,新北市政府主計處,身心障礙人數(101年以後),2012 |  新莊區,itemvalue7,是（欄位說明僅存於新北市統計年報）,7619.0
101,,,,,,,欄位未定義,0.0,,社福,新北市政府主計處,身心障礙人數(101年以後),2012 |  新店區,itemvalue7,是（欄位說明僅存於新北市統計年報）,5850.0
101,,,,,,,欄位未定義,0.0,,社福,新北市政府主計處,身心障礙人數(101年以後),2012 |  樹林區,itemvalue7,是（欄位說明僅存於新北市統計年報）,3595.0
101,,,,,,,欄位未定義,0.0,,社福,新北市政府主計處,身心障礙人數(101年以後),2012 |  鶯歌區,itemvalue7,是（欄位說明僅存於新北市統計年報）,1902.0
101,,,,,,,欄位未定義,0.0,,社福,新北市政府主計處,身心障礙人數(101年以後),2012 |  三峽區,itemvalue7,是（欄位說明僅存於新北市統計年報）,2552.0
101,,,,,,,欄位未定義,0.0,,社福,新北市政府主計處,身心障礙人數(101年以後),2012 |  淡水區,itemvalue7,是（欄位說明僅存於新北市統計年報）,2720.0
101,,,,,,,欄位未定義,0.0,,社福,新北市政府主計處,身心障礙人數(101年以後),2012 |  汐止區,itemvalue7,是（欄位說明僅存於新北市統計年報）,3684.0
101,,,,,,,欄位未定義,0.0,,社福,新北市政府主計處,身心障礙人數(101年以後),2012 |  瑞芳區,itemvalue7,是（欄位說明僅存於新北市統計年報）,1621.0
101,,,,,,,欄位未定義,0.0,,社福,新北市政府主計處,身心障礙人數(101年以後),2012 |  土城區,itemvalue7,是（欄位說明僅存於新北市統計年報）,4813.0
101,,,,,,,欄位未定義,0.0,,社福,新北市政府主計處,身心障礙人數(101年以後),2012 |  蘆洲區,itemvalue7,是（欄位說明僅存於新北市統計年報）,3663.0
101,,,,,,,欄位未定義,0.0,,社福,新北市政府主計處,身心障礙人數(101年以後),2012 |  五股區,itemvalue7,是（欄位說明僅存於新北市統計年報）,1728.0
101,,,,,,,欄位未定義,0.0,,社福,新北市政府主計處,身心障礙人數(101年以後),2012 |  泰山區,itemvalue7,是（欄位說明僅存於新北市統計年報）,1455.0
101,,,,,,,欄位未定義,0.0,,社福,新北市政府主計處,身心障礙人數(101年以後),2012 |  林口區,itemvalue7,是（欄位說明僅存於新北市統計年報）,1427.0
101,,,,,,,欄位未定義,0.0,,社福,新北市政府主計處,身心障礙人數(101年以後),2012 |  深坑區,itemvalue7,是（欄位說明僅存於新北市統計年報）,512.0
101,,,,,,,欄位未定義,0.0,,社福,新北市政府主計處,身心障礙人數(101年以後),2012 |  石碇區,itemvalue7,是（欄位說明僅存於新北市統計年報）,317.0
101,,,,,,,欄位未定義,0.0,,社福,新北市政府主計處,身心障礙人數(101年以後),2012 |  坪林區,itemvalue7,是（欄位說明僅存於新北市統計年報）,182.0
101,,,,,,,欄位未定義,0.0,,社福,新北市政府主計處,身心障礙人數(101年以後),2012 |  三芝區,itemvalue7,是（欄位說明僅存於新北市統計年報）,596.0
101,,,,,,,欄位未定義,0.0,,社福,新北市政府主計處,身心障礙人數(101年以後),2012 |  石門區,itemvalue7,是（欄位說明僅存於新北市統計年報）,333.0
101,,,,,,,欄位未定義,0.0,,社福,新北市政府主計處,身心障礙人數(101年以後),2012 |  八里區,itemvalue7,是（欄位說明僅存於新北市統計年報）,767.0
101,,,,,,,欄位未定義,0.0,,社福,新北市政府主計處,身心障礙人數(101年以後),2012 |  平溪區,itemvalue7,是（欄位說明僅存於新北市統計年報）,279.0
101,,,,,,,欄位未定義,0.0,,社福,新北市政府主計處,身心障礙人數(101年以後),2012 |  雙溪區,itemvalue7,是（欄位說明僅存於新北市統計年報）,362.0
101,,,,,,,欄位未定義,0.0,,社福,新北市政府主計處,身心障礙人數(101年以後),2012 |  貢寮區,itemvalue7,是（欄位說明僅存於新北市統計年報）,451.0
101,,,,,,,欄位未定義,0.0,,社福,新北市政府主計處,身心障礙人數(101年以後),2012 |  金山區,itemvalue7,是（欄位說明僅存於新北市統計年報）,633.0
101,,,,,,,欄位未定義,0.0,,社福,新北市政府主計處,身心障礙人數(101年以後),2012 |  萬里區,itemvalue7,是（欄位說明僅存於新北市統計年報）,728.0
101,,,,,,,欄位未定義,0.0,,社福,新北市政府主計處,身心障礙人數(101年以後),2012 |  烏來區,itemvalue7,是（欄位說明僅存於新北市統計年報）,165.0
101,,,,,,,欄位未定義,0.0,,社福,新北市政府主計處,身心障礙人數(101年以後),2012 |  新北市,itemvalue8,是（欄位說明僅存於新北市統計年報）,57807.0
101,,,,,,,欄位未定義,0.0,,社福,新北市政府主計處,身心障礙人數(101年以後),2012 |  板橋區,itemvalue8,是（欄位說明僅存於新北市統計年報）,7873.0
101,,,,,,,欄位未定義,0.0,,社福,新北市政府主計處,身心障礙人數(101年以後),2012 |  三重區,itemvalue8,是（欄位說明僅存於新北市統計年報）,5967.0
101,,,,,,,欄位未定義,0.0,,社福,新北市政府主計處,身心障礙人數(101年以後),2012 |  中和區,itemvalue8,是（欄位說明僅存於新北市統計年報）,6225.0
101,,,,,,,欄位未定義,0.0,,社福,新北市政府主計處,身心障礙人數(101年以後),2012 |  永和區,itemvalue8,是（欄位說明僅存於新北市統計年報）,3222.0
101,,,,,,,欄位未定義,0.0,,社福,新北市政府主計處,身心障礙人數(101年以後),2012 |  新莊區,itemvalue8,是（欄位說明僅存於新北市統計年報）,5380.0
101,,,,,,,欄位未定義,0.0,,社福,新北市政府主計處,身心障礙人數(101年以後),2012 |  新店區,itemvalue8,是（欄位說明僅存於新北市統計年報）,4481.0
101,,,,,,,欄位未定義,0.0,,社福,新北市政府主計處,身心障礙人數(101年以後),2012 |  樹林區,itemvalue8,是（欄位說明僅存於新北市統計年報）,2494.0
101,,,,,,,欄位未定義,0.0,,社福,新北市政府主計處,身心障礙人數(101年以後),2012 |  鶯歌區,itemvalue8,是（欄位說明僅存於新北市統計年報）,1347.0
101,,,,,,,欄位未定義,0.0,,社福,新北市政府主計處,身心障礙人數(101年以後),2012 |  三峽區,itemvalue8,是（欄位說明僅存於新北市統計年報）,1653.0
101,,,,,,,欄位未定義,0.0,,社福,新北市政府主計處,身心障礙人數(101年以後),2012 |  淡水區,itemvalue8,是（欄位說明僅存於新北市統計年報）,2019.0
101,,,,,,,欄位未定義,0.0,,社福,新北市政府主計處,身心障礙人數(101年以後),2012 |  汐止區,itemvalue8,是（欄位說明僅存於新北市統計年報）,2782.0
101,,,,,,,欄位未定義,0.0,,社福,新北市政府主計處,身心障礙人數(101年以後),2012 |  瑞芳區,itemvalue8,是（欄位說明僅存於新北市統計年報）,1217.0
101,,,,,,,欄位未定義,0.0,,社福,新北市政府主計處,身心障礙人數(101年以後),2012 |  土城區,itemvalue8,是（欄位說明僅存於新北市統計年報）,3473.0
101,,,,,,,欄位未定義,0.0,,社福,新北市政府主計處,身心障礙人數(101年以後),2012 |  蘆洲區,itemvalue8,是（欄位說明僅存於新北市統計年報）,2658.0
101,,,,,,,欄位未定義,0.0,,社福,新北市政府主計處,身心障礙人數(101年以後),2012 |  五股區,itemvalue8,是（欄位說明僅存於新北市統計年報）,1212.0
101,,,,,,,欄位未定義,0.0,,社福,新北市政府主計處,身心障礙人數(101年以後),2012 |  泰山區,itemvalue8,是（欄位說明僅存於新北市統計年報）,1096.0
101,,,,,,,欄位未定義,0.0,,社福,新北市政府主計處,身心障礙人數(101年以後),2012 |  林口區,itemvalue8,是（欄位說明僅存於新北市統計年報）,1053.0
101,,,,,,,欄位未定義,0.0,,社福,新北市政府主計處,身心障礙人數(101年以後),2012 |  深坑區,itemvalue8,是（欄位說明僅存於新北市統計年報）,362.0
101,,,,,,,欄位未定義,0.0,,社福,新北市政府主計處,身心障礙人數(101年以後),2012 |  石碇區,itemvalue8,是（欄位說明僅存於新北市統計年報）,156.0
101,,,,,,,欄位未定義,0.0,,社福,新北市政府主計處,身心障礙人數(101年以後),2012 |  坪林區,itemvalue8,是（欄位說明僅存於新北市統計年報）,146.0
101,,,,,,,欄位未定義,0.0,,社福,新北市政府主計處,身心障礙人數(101年以後),2012 |  三芝區,itemvalue8,是（欄位說明僅存於新北市統計年報）,399.0
101,,,,,,,欄位未定義,0.0,,社福,新北市政府主計處,身心障礙人數(101年以後),2012 |  石門區,itemvalue8,是（欄位說明僅存於新北市統計年報）,205.0
101,,,,,,,欄位未定義,0.0,,社福,新北市政府主計處,身心障礙人數(101年以後),2012 |  八里區,itemvalue8,是（欄位說明僅存於新北市統計年報）,501.0
101,,,,,,,欄位未定義,0.0,,社福,新北市政府主計處,身心障礙人數(101年以後),2012 |  平溪區,itemvalue8,是（欄位說明僅存於新北市統計年報）,185.0
101,,,,,,,欄位未定義,0.0,,社福,新北市政府主計處,身心障礙人數(101年以後),2012 |  雙溪區,itemvalue8,是（欄位說明僅存於新北市統計年報）,295.0
101,,,,,,,欄位未定義,0.0,,社福,新北市政府主計處,身心障礙人數(101年以後),2012 |  貢寮區,itemvalue8,是（欄位說明僅存於新北市統計年報）,325.0
101,,,,,,,欄位未定義,0.0,,社福,新北市政府主計處,身心障礙人數(101年以後),2012 |  金山區,itemvalue8,是（欄位說明僅存於新北市統計年報）,441.0
101,,,,,,,欄位未定義,0.0,,社福,新北市政府主計處,身心障礙人數(101年以後),2012 |  萬里區,itemvalue8,是（欄位說明僅存於新北市統計年報）,531.0
101,,,,,,,欄位未定義,0.0,,社福,新北市政府主計處,身心障礙人數(101年以後),2012 |  烏來區,itemvalue8,是（欄位說明僅存於新北市統計年報）,109.0
101,,,,,,,欄位未定義,0.0,,社福,新北市政府主計處,身心障礙人數(101年以後),2012 |  新北市,itemvalue9,是（欄位說明僅存於新北市統計年報）,3400.0
101,,,,,,,欄位未定義,0.0,,社福,新北市政府主計處,身心障礙人數(101年以後),2012 |  板橋區,itemvalue9,是（欄位說明僅存於新北市統計年報）,513.0
101,,,,,,,欄位未定義,0.0,,社福,新北市政府主計處,身心障礙人數(101年以後),2012 |  三重區,itemvalue9,是（欄位說明僅存於新北市統計年報）,356.0
101,,,,,,,欄位未定義,0.0,,社福,新北市政府主計處,身心障礙人數(101年以後),2012 |  中和區,itemvalue9,是（欄位說明僅存於新北市統計年報）,334.0
101,,,,,,,欄位未定義,0.0,,社福,新北市政府主計處,身心障礙人數(101年以後),2012 |  永和區,itemvalue9,是（欄位說明僅存於新北市統計年報）,168.0
101,,,,,,,欄位未定義,0.0,,社福,新北市政府主計處,身心障礙人數(101年以後),2012 |  新莊區,itemvalue9,是（欄位說明僅存於新北市統計年報）,309.0
101,,,,,,,欄位未定義,0.0,,社福,新北市政府主計處,身心障礙人數(101年以後),2012 |  新店區,itemvalue9,是（欄位說明僅存於新北市統計年報）,269.0
101,,,,,,,欄位未定義,0.0,,社福,新北市政府主計處,身心障礙人數(101年以後),2012 |  樹林區,itemvalue9,是（欄位說明僅存於新北市統計年報）,142.0
101,,,,,,,欄位未定義,0.0,,社福,新北市政府主計處,身心障礙人數(101年以後),2012 |  鶯歌區,itemvalue9,是（欄位說明僅存於新北市統計年報）,86.0
101,,,,,,,欄位未定義,0.0,,社福,新北市政府主計處,身心障礙人數(101年以後),2012 |  三峽區,itemvalue9,是（欄位說明僅存於新北市統計年報）,111.0
101,,,,,,,欄位未定義,0.0,,社福,新北市政府主計處,身心障礙人數(101年以後),2012 |  淡水區,itemvalue9,是（欄位說明僅存於新北市統計年報）,93.0
101,,,,,,,欄位未定義,0.0,,社福,新北市政府主計處,身心障礙人數(101年以後),2012 |  汐止區,itemvalue9,是（欄位說明僅存於新北市統計年報）,148.0
101,,,,,,,欄位未定義,0.0,,社福,新北市政府主計處,身心障礙人數(101年以後),2012 |  瑞芳區,itemvalue9,是（欄位說明僅存於新北市統計年報）,93.0
101,,,,,,,欄位未定義,0.0,,社福,新北市政府主計處,身心障礙人數(101年以後),2012 |  土城區,itemvalue9,是（欄位說明僅存於新北市統計年報）,212.0
101,,,,,,,欄位未定義,0.0,,社福,新北市政府主計處,身心障礙人數(101年以後),2012 |  蘆洲區,itemvalue9,是（欄位說明僅存於新北市統計年報）,144.0
101,,,,,,,欄位未定義,0.0,,社福,新北市政府主計處,身心障礙人數(101年以後),2012 |  五股區,itemvalue9,是（欄位說明僅存於新北市統計年報）,58.0
101,,,,,,,欄位未定義,0.0,,社福,新北市政府主計處,身心障礙人數(101年以後),2012 |  泰山區,itemvalue9,是（欄位說明僅存於新北市統計年報）,48.0
101,,,,,,,欄位未定義,0.0,,社福,新北市政府主計處,身心障礙人數(101年以後),2012 |  林口區,itemvalue9,是（欄位說明僅存於新北市統計年報）,57.0
101,,,,,,,欄位未定義,0.0,,社福,新北市政府主計處,身心障礙人數(101年以後),2012 |  深坑區,itemvalue9,是（欄位說明僅存於新北市統計年報）,30.0
101,,,,,,,欄位未定義,0.0,,社福,新北市政府主計處,身心障礙人數(101年以後),2012 |  石碇區,itemvalue9,是（欄位說明僅存於新北市統計年報）,19.0
101,,,,,,,欄位未定義,0.0,,社福,新北市政府主計處,身心障礙人數(101年以後),2012 |  坪林區,itemvalue9,是（欄位說明僅存於新北市統計年報）,7.0
101,,,,,,,欄位未定義,0.0,,社福,新北市政府主計處,身心障礙人數(101年以後),2012 |  三芝區,itemvalue9,是（欄位說明僅存於新北市統計年報）,17.0
101,,,,,,,欄位未定義,0.0,,社福,新北市政府主計處,身心障礙人數(101年以後),2012 |  石門區,itemvalue9,是（欄位說明僅存於新北市統計年報）,11.0
101,,,,,,,欄位未定義,0.0,,社福,新北市政府主計處,身心障礙人數(101年以後),2012 |  八里區,itemvalue9,是（欄位說明僅存於新北市統計年報）,32.0
101,,,,,,,欄位未定義,0.0,,社福,新北市政府主計處,身心障礙人數(101年以後),2012 |  平溪區,itemvalue9,是（欄位說明僅存於新北市統計年報）,13.0
101,,,,,,,欄位未定義,0.0,,社福,新北市政府主計處,身心障礙人數(101年以後),2012 |  雙溪區,itemvalue9,是（欄位說明僅存於新北市統計年報）,23.0
101,,,,,,,欄位未定義,0.0,,社福,新北市政府主計處,身心障礙人數(101年以後),2012 |  貢寮區,itemvalue9,是（欄位說明僅存於新北市統計年報）,24.0
101,,,,,,,欄位未定義,0.0,,社福,新北市政府主計處,身心障礙人數(101年以後),2012 |  金山區,itemvalue9,是（欄位說明僅存於新北市統計年報）,28.0
101,,,,,,,欄位未定義,0.0,,社福,新北市政府主計處,身心障礙人數(101年以後),2012 |  萬里區,itemvalue9,是（欄位說明僅存於新北市統計年報）,44.0
101,,,,,,,欄位未定義,0.0,,社福,新北市政府主計處,身心障礙人數(101年以後),2012 |  烏來區,itemvalue9,是（欄位說明僅存於新北市統計年報）,11.0
101,,,,,,,欄位未定義,0.0,,社福,新北市政府主計處,身心障礙人數(101年以後),2012 |  新北市,itemvalue10,是（欄位說明僅存於新北市統計年報）,3178.0
101,,,,,,,欄位未定義,0.0,,社福,新北市政府主計處,身心障礙人數(101年以後),2012 |  板橋區,itemvalue10,是（欄位說明僅存於新北市統計年報）,481.0
101,,,,,,,欄位未定義,0.0,,社福,新北市政府主計處,身心障礙人數(101年以後),2012 |  三重區,itemvalue10,是（欄位說明僅存於新北市統計年報）,321.0
101,,,,,,,欄位未定義,0.0,,社福,新北市政府主計處,身心障礙人數(101年以後),2012 |  中和區,itemvalue10,是（欄位說明僅存於新北市統計年報）,313.0
101,,,,,,,欄位未定義,0.0,,社福,新北市政府主計處,身心障礙人數(101年以後),2012 |  永和區,itemvalue10,是（欄位說明僅存於新北市統計年報）,163.0
101,,,,,,,欄位未定義,0.0,,社福,新北市政府主計處,身心障礙人數(101年以後),2012 |  新莊區,itemvalue10,是（欄位說明僅存於新北市統計年報）,291.0
101,,,,,,,欄位未定義,0.0,,社福,新北市政府主計處,身心障礙人數(101年以後),2012 |  新店區,itemvalue10,是（欄位說明僅存於新北市統計年報）,200.0
101,,,,,,,欄位未定義,0.0,,社福,新北市政府主計處,身心障礙人數(101年以後),2012 |  樹林區,itemvalue10,是（欄位說明僅存於新北市統計年報）,141.0
101,,,,,,,欄位未定義,0.0,,社福,新北市政府主計處,身心障礙人數(101年以後),2012 |  鶯歌區,itemvalue10,是（欄位說明僅存於新北市統計年報）,71.0
101,,,,,,,欄位未定義,0.0,,社福,新北市政府主計處,身心障礙人數(101年以後),2012 |  三峽區,itemvalue10,是（欄位說明僅存於新北市統計年報）,97.0
101,,,,,,,欄位未定義,0.0,,社福,新北市政府主計處,身心障礙人數(101年以後),2012 |  淡水區,itemvalue10,是（欄位說明僅存於新北市統計年報）,132.0
101,,,,,,,欄位未定義,0.0,,社福,新北市政府主計處,身心障礙人數(101年以後),2012 |  汐止區,itemvalue10,是（欄位說明僅存於新北市統計年報）,149.0
101,,,,,,,欄位未定義,0.0,,社福,新北市政府主計處,身心障礙人數(101年以後),2012 |  瑞芳區,itemvalue10,是（欄位說明僅存於新北市統計年報）,89.0
101,,,,,,,欄位未定義,0.0,,社福,新北市政府主計處,身心障礙人數(101年以後),2012 |  土城區,itemvalue10,是（欄位說明僅存於新北市統計年報）,198.0
101,,,,,,,欄位未定義,0.0,,社福,新北市政府主計處,身心障礙人數(101年以後),2012 |  蘆洲區,itemvalue10,是（欄位說明僅存於新北市統計年報）,138.0
101,,,,,,,欄位未定義,0.0,,社福,新北市政府主計處,身心障礙人數(101年以後),2012 |  五股區,itemvalue10,是（欄位說明僅存於新北市統計年報）,52.0
101,,,,,,,欄位未定義,0.0,,社福,新北市政府主計處,身心障礙人數(101年以後),2012 |  泰山區,itemvalue10,是（欄位說明僅存於新北市統計年報）,57.0
101,,,,,,,欄位未定義,0.0,,社福,新北市政府主計處,身心障礙人數(101年以後),2012 |  林口區,itemvalue10,是（欄位說明僅存於新北市統計年報）,67.0
101,,,,,,,欄位未定義,0.0,,社福,新北市政府主計處,身心障礙人數(101年以後),2012 |  深坑區,itemvalue10,是（欄位說明僅存於新北市統計年報）,18.0
101,,,,,,,欄位未定義,0.0,,社福,新北市政府主計處,身心障礙人數(101年以後),2012 |  石碇區,itemvalue10,是（欄位說明僅存於新北市統計年報）,12.0
101,,,,,,,欄位未定義,0.0,,社福,新北市政府主計處,身心障礙人數(101年以後),2012 |  坪林區,itemvalue10,是（欄位說明僅存於新北市統計年報）,10.0
101,,,,,,,欄位未定義,0.0,,社福,新北市政府主計處,身心障礙人數(101年以後),2012 |  三芝區,itemvalue10,是（欄位說明僅存於新北市統計年報）,19.0
101,,,,,,,欄位未定義,0.0,,社福,新北市政府主計處,身心障礙人數(101年以後),2012 |  石門區,itemvalue10,是（欄位說明僅存於新北市統計年報）,9.0
101,,,,,,,欄位未定義,0.0,,社福,新北市政府主計處,身心障礙人數(101年以後),2012 |  八里區,itemvalue10,是（欄位說明僅存於新北市統計年報）,21.0
101,,,,,,,欄位未定義,0.0,,社福,新北市政府主計處,身心障礙人數(101年以後),2012 |  平溪區,itemvalue10,是（欄位說明僅存於新北市統計年報）,14.0
101,,,,,,,欄位未定義,0.0,,社福,新北市政府主計處,身心障礙人數(101年以後),2012 |  雙溪區,itemvalue10,是（欄位說明僅存於新北市統計年報）,27.0
101,,,,,,,欄位未定義,0.0,,社福,新北市政府主計處,身心障礙人數(101年以後),2012 |  貢寮區,itemvalue10,是（欄位說明僅存於新北市統計年報）,14.0
101,,,,,,,欄位未定義,0.0,,社福,新北市政府主計處,身心障礙人數(101年以後),2012 |  金山區,itemvalue10,是（欄位說明僅存於新北市統計年報）,29.0
101,,,,,,,欄位未定義,0.0,,社福,新北市政府主計處,身心障礙人數(101年以後),2012 |  萬里區,itemvalue10,是（欄位說明僅存於新北市統計年報）,40.0
101,,,,,,,欄位未定義,0.0,,社福,新北市政府主計處,身心障礙人數(101年以後),2012 |  烏來區,itemvalue10,是（欄位說明僅存於新北市統計年報）,5.0
101,,,,,,,欄位未定義,0.0,,社福,新北市政府主計處,身心障礙人數(101年以後),2012 |  新北市,itemvalue11,是（欄位說明僅存於新北市統計年報）,8516.0
101,,,,,,,欄位未定義,0.0,,社福,新北市政府主計處,身心障礙人數(101年以後),2012 |  板橋區,itemvalue11,是（欄位說明僅存於新北市統計年報）,1219.0
101,,,,,,,欄位未定義,0.0,,社福,新北市政府主計處,身心障礙人數(101年以後),2012 |  三重區,itemvalue11,是（欄位說明僅存於新北市統計年報）,785.0
101,,,,,,,欄位未定義,0.0,,社福,新北市政府主計處,身心障礙人數(101年以後),2012 |  中和區,itemvalue11,是（欄位說明僅存於新北市統計年報）,984.0
101,,,,,,,欄位未定義,0.0,,社福,新北市政府主計處,身心障礙人數(101年以後),2012 |  永和區,itemvalue11,是（欄位說明僅存於新北市統計年報）,535.0
101,,,,,,,欄位未定義,0.0,,社福,新北市政府主計處,身心障礙人數(101年以後),2012 |  新莊區,itemvalue11,是（欄位說明僅存於新北市統計年報）,712.0
101,,,,,,,欄位未定義,0.0,,社福,新北市政府主計處,身心障礙人數(101年以後),2012 |  新店區,itemvalue11,是（欄位說明僅存於新北市統計年報）,689.0
101,,,,,,,欄位未定義,0.0,,社福,新北市政府主計處,身心障礙人數(101年以後),2012 |  樹林區,itemvalue11,是（欄位說明僅存於新北市統計年報）,351.0
101,,,,,,,欄位未定義,0.0,,社福,新北市政府主計處,身心障礙人數(101年以後),2012 |  鶯歌區,itemvalue11,是（欄位說明僅存於新北市統計年報）,185.0
101,,,,,,,欄位未定義,0.0,,社福,新北市政府主計處,身心障礙人數(101年以後),2012 |  三峽區,itemvalue11,是（欄位說明僅存於新北市統計年報）,245.0
101,,,,,,,欄位未定義,0.0,,社福,新北市政府主計處,身心障礙人數(101年以後),2012 |  淡水區,itemvalue11,是（欄位說明僅存於新北市統計年報）,300.0
101,,,,,,,欄位未定義,0.0,,社福,新北市政府主計處,身心障礙人數(101年以後),2012 |  汐止區,itemvalue11,是（欄位說明僅存於新北市統計年報）,438.0
101,,,,,,,欄位未定義,0.0,,社福,新北市政府主計處,身心障礙人數(101年以後),2012 |  瑞芳區,itemvalue11,是（欄位說明僅存於新北市統計年報）,190.0
101,,,,,,,欄位未定義,0.0,,社福,新北市政府主計處,身心障礙人數(101年以後),2012 |  土城區,itemvalue11,是（欄位說明僅存於新北市統計年報）,489.0
101,,,,,,,欄位未定義,0.0,,社福,新北市政府主計處,身心障礙人數(101年以後),2012 |  蘆洲區,itemvalue11,是（欄位說明僅存於新北市統計年報）,315.0
101,,,,,,,欄位未定義,0.0,,社福,新北市政府主計處,身心障礙人數(101年以後),2012 |  五股區,itemvalue11,是（欄位說明僅存於新北市統計年報）,161.0
101,,,,,,,欄位未定義,0.0,,社福,新北市政府主計處,身心障礙人數(101年以後),2012 |  泰山區,itemvalue11,是（欄位說明僅存於新北市統計年報）,137.0
101,,,,,,,欄位未定義,0.0,,社福,新北市政府主計處,身心障礙人數(101年以後),2012 |  林口區,itemvalue11,是（欄位說明僅存於新北市統計年報）,170.0
101,,,,,,,欄位未定義,0.0,,社福,新北市政府主計處,身心障礙人數(101年以後),2012 |  深坑區,itemvalue11,是（欄位說明僅存於新北市統計年報）,55.0
101,,,,,,,欄位未定義,0.0,,社福,新北市政府主計處,身心障礙人數(101年以後),2012 |  石碇區,itemvalue11,是（欄位說明僅存於新北市統計年報）,32.0
101,,,,,,,欄位未定義,0.0,,社福,新北市政府主計處,身心障礙人數(101年以後),2012 |  坪林區,itemvalue11,是（欄位說明僅存於新北市統計年報）,20.0
101,,,,,,,欄位未定義,0.0,,社福,新北市政府主計處,身心障礙人數(101年以後),2012 |  三芝區,itemvalue11,是（欄位說明僅存於新北市統計年報）,68.0
101,,,,,,,欄位未定義,0.0,,社福,新北市政府主計處,身心障礙人數(101年以後),2012 |  石門區,itemvalue11,是（欄位說明僅存於新北市統計年報）,52.0
101,,,,,,,欄位未定義,0.0,,社福,新北市政府主計處,身心障礙人數(101年以後),2012 |  八里區,itemvalue11,是（欄位說明僅存於新北市統計年報）,53.0
101,,,,,,,欄位未定義,0.0,,社福,新北市政府主計處,身心障礙人數(101年以後),2012 |  平溪區,itemvalue11,是（欄位說明僅存於新北市統計年報）,46.0
101,,,,,,,欄位未定義,0.0,,社福,新北市政府主計處,身心障礙人數(101年以後),2012 |  雙溪區,itemvalue11,是（欄位說明僅存於新北市統計年報）,42.0
101,,,,,,,欄位未定義,0.0,,社福,新北市政府主計處,身心障礙人數(101年以後),2012 |  貢寮區,itemvalue11,是（欄位說明僅存於新北市統計年報）,56.0
101,,,,,,,欄位未定義,0.0,,社福,新北市政府主計處,身心障礙人數(101年以後),2012 |  金山區,itemvalue11,是（欄位說明僅存於新北市統計年報）,78.0
101,,,,,,,欄位未定義,0.0,,社福,新北市政府主計處,身心障礙人數(101年以後),2012 |  萬里區,itemvalue11,是（欄位說明僅存於新北市統計年報）,89.0
101,,,,,,,欄位未定義,0.0,,社福,新北市政府主計處,身心障礙人數(101年以後),2012 |  烏來區,itemvalue11,是（欄位說明僅存於新北市統計年報）,20.0
101,,,,,,,欄位未定義,0.0,,社福,新北市政府主計處,身心障礙人數(101年以後),2012 |  新北市,itemvalue12,是（欄位說明僅存於新北市統計年報）,6426.0
101,,,,,,,欄位未定義,0.0,,社福,新北市政府主計處,身心障礙人數(101年以後),2012 |  板橋區,itemvalue12,是（欄位說明僅存於新北市統計年報）,861.0
101,,,,,,,欄位未定義,0.0,,社福,新北市政府主計處,身心障礙人數(101年以後),2012 |  三重區,itemvalue12,是（欄位說明僅存於新北市統計年報）,666.0
101,,,,,,,欄位未定義,0.0,,社福,新北市政府主計處,身心障礙人數(101年以後),2012 |  中和區,itemvalue12,是（欄位說明僅存於新北市統計年報）,667.0
101,,,,,,,欄位未定義,0.0,,社福,新北市政府主計處,身心障礙人數(101年以後),2012 |  永和區,itemvalue12,是（欄位說明僅存於新北市統計年報）,377.0
101,,,,,,,欄位未定義,0.0,,社福,新北市政府主計處,身心障礙人數(101年以後),2012 |  新莊區,itemvalue12,是（欄位說明僅存於新北市統計年報）,569.0
101,,,,,,,欄位未定義,0.0,,社福,新北市政府主計處,身心障礙人數(101年以後),2012 |  新店區,itemvalue12,是（欄位說明僅存於新北市統計年報）,536.0
101,,,,,,,欄位未定義,0.0,,社福,新北市政府主計處,身心障礙人數(101年以後),2012 |  樹林區,itemvalue12,是（欄位說明僅存於新北市統計年報）,247.0
101,,,,,,,欄位未定義,0.0,,社福,新北市政府主計處,身心障礙人數(101年以後),2012 |  鶯歌區,itemvalue12,是（欄位說明僅存於新北市統計年報）,140.0
101,,,,,,,欄位未定義,0.0,,社福,新北市政府主計處,身心障礙人數(101年以後),2012 |  三峽區,itemvalue12,是（欄位說明僅存於新北市統計年報）,165.0
101,,,,,,,欄位未定義,0.0,,社福,新北市政府主計處,身心障礙人數(101年以後),2012 |  淡水區,itemvalue12,是（欄位說明僅存於新北市統計年報）,265.0
101,,,,,,,欄位未定義,0.0,,社福,新北市政府主計處,身心障礙人數(101年以後),2012 |  汐止區,itemvalue12,是（欄位說明僅存於新北市統計年報）,321.0
101,,,,,,,欄位未定義,0.0,,社福,新北市政府主計處,身心障礙人數(101年以後),2012 |  瑞芳區,itemvalue12,是（欄位說明僅存於新北市統計年報）,161.0
101,,,,,,,欄位未定義,0.0,,社福,新北市政府主計處,身心障礙人數(101年以後),2012 |  土城區,itemvalue12,是（欄位說明僅存於新北市統計年報）,339.0
101,,,,,,,欄位未定義,0.0,,社福,新北市政府主計處,身心障礙人數(101年以後),2012 |  蘆洲區,itemvalue12,是（欄位說明僅存於新北市統計年報）,293.0
101,,,,,,,欄位未定義,0.0,,社福,新北市政府主計處,身心障礙人數(101年以後),2012 |  五股區,itemvalue12,是（欄位說明僅存於新北市統計年報）,130.0
101,,,,,,,欄位未定義,0.0,,社福,新北市政府主計處,身心障礙人數(101年以後),2012 |  泰山區,itemvalue12,是（欄位說明僅存於新北市統計年報）,115.0
101,,,,,,,欄位未定義,0.0,,社福,新北市政府主計處,身心障礙人數(101年以後),2012 |  林口區,itemvalue12,是（欄位說明僅存於新北市統計年報）,151.0
101,,,,,,,欄位未定義,0.0,,社福,新北市政府主計處,身心障礙人數(101年以後),2012 |  深坑區,itemvalue12,是（欄位說明僅存於新北市統計年報）,41.0
101,,,,,,,欄位未定義,0.0,,社福,新北市政府主計處,身心障礙人數(101年以後),2012 |  石碇區,itemvalue12,是（欄位說明僅存於新北市統計年報）,20.0
101,,,,,,,欄位未定義,0.0,,社福,新北市政府主計處,身心障礙人數(101年以後),2012 |  坪林區,itemvalue12,是（欄位說明僅存於新北市統計年報）,18.0
101,,,,,,,欄位未定義,0.0,,社福,新北市政府主計處,身心障礙人數(101年以後),2012 |  三芝區,itemvalue12,是（欄位說明僅存於新北市統計年報）,44.0
101,,,,,,,欄位未定義,0.0,,社福,新北市政府主計處,身心障礙人數(101年以後),2012 |  石門區,itemvalue12,是（欄位說明僅存於新北市統計年報）,22.0
101,,,,,,,欄位未定義,0.0,,社福,新北市政府主計處,身心障礙人數(101年以後),2012 |  八里區,itemvalue12,是（欄位說明僅存於新北市統計年報）,56.0
101,,,,,,,欄位未定義,0.0,,社福,新北市政府主計處,身心障礙人數(101年以後),2012 |  平溪區,itemvalue12,是（欄位說明僅存於新北市統計年報）,24.0
101,,,,,,,欄位未定義,0.0,,社福,新北市政府主計處,身心障礙人數(101年以後),2012 |  雙溪區,itemvalue12,是（欄位說明僅存於新北市統計年報）,40.0
101,,,,,,,欄位未定義,0.0,,社福,新北市政府主計處,身心障礙人數(101年以後),2012 |  貢寮區,itemvalue12,是（欄位說明僅存於新北市統計年報）,39.0
101,,,,,,,欄位未定義,0.0,,社福,新北市政府主計處,身心障礙人數(101年以後),2012 |  金山區,itemvalue12,是（欄位說明僅存於新北市統計年報）,50.0
101,,,,,,,欄位未定義,0.0,,社福,新北市政府主計處,身心障礙人數(101年以後),2012 |  萬里區,itemvalue12,是（欄位說明僅存於新北市統計年報）,59.0
101,,,,,,,欄位未定義,0.0,,社福,新北市政府主計處,身心障礙人數(101年以後),2012 |  烏來區,itemvalue12,是（欄位說明僅存於新北市統計年報）,10.0
101,,,,,,,欄位未定義,0.0,,社福,新北市政府主計處,身心障礙人數(101年以後),2012 |  新北市,itemvalue13,是（欄位說明僅存於新北市統計年報）,324.0
101,,,,,,,欄位未定義,0.0,,社福,新北市政府主計處,身心障礙人數(101年以後),2012 |  板橋區,itemvalue13,是（欄位說明僅存於新北市統計年報）,53.0
101,,,,,,,欄位未定義,0.0,,社福,新北市政府主計處,身心障礙人數(101年以後),2012 |  三重區,itemvalue13,是（欄位說明僅存於新北市統計年報）,30.0
101,,,,,,,欄位未定義,0.0,,社福,新北市政府主計處,身心障礙人數(101年以後),2012 |  中和區,itemvalue13,是（欄位說明僅存於新北市統計年報）,49.0
101,,,,,,,欄位未定義,0.0,,社福,新北市政府主計處,身心障礙人數(101年以後),2012 |  永和區,itemvalue13,是（欄位說明僅存於新北市統計年報）,21.0
101,,,,,,,欄位未定義,0.0,,社福,新北市政府主計處,身心障礙人數(101年以後),2012 |  新莊區,itemvalue13,是（欄位說明僅存於新北市統計年報）,22.0
101,,,,,,,欄位未定義,0.0,,社福,新北市政府主計處,身心障礙人數(101年以後),2012 |  新店區,itemvalue13,是（欄位說明僅存於新北市統計年報）,24.0
101,,,,,,,欄位未定義,0.0,,社福,新北市政府主計處,身心障礙人數(101年以後),2012 |  樹林區,itemvalue13,是（欄位說明僅存於新北市統計年報）,10.0
101,,,,,,,欄位未定義,0.0,,社福,新北市政府主計處,身心障礙人數(101年以後),2012 |  鶯歌區,itemvalue13,是（欄位說明僅存於新北市統計年報）,5.0
101,,,,,,,欄位未定義,0.0,,社福,新北市政府主計處,身心障礙人數(101年以後),2012 |  三峽區,itemvalue13,是（欄位說明僅存於新北市統計年報）,6.0
101,,,,,,,欄位未定義,0.0,,社福,新北市政府主計處,身心障礙人數(101年以後),2012 |  淡水區,itemvalue13,是（欄位說明僅存於新北市統計年報）,7.0
101,,,,,,,欄位未定義,0.0,,社福,新北市政府主計處,身心障礙人數(101年以後),2012 |  汐止區,itemvalue13,是（欄位說明僅存於新北市統計年報）,23.0
101,,,,,,,欄位未定義,0.0,,社福,新北市政府主計處,身心障礙人數(101年以後),2012 |  瑞芳區,itemvalue13,是（欄位說明僅存於新北市統計年報）,6.0
101,,,,,,,欄位未定義,0.0,,社福,新北市政府主計處,身心障礙人數(101年以後),2012 |  土城區,itemvalue13,是（欄位說明僅存於新北市統計年報）,21.0
101,,,,,,,欄位未定義,0.0,,社福,新北市政府主計處,身心障礙人數(101年以後),2012 |  蘆洲區,itemvalue13,是（欄位說明僅存於新北市統計年報）,13.0
101,,,,,,,欄位未定義,0.0,,社福,新北市政府主計處,身心障礙人數(101年以後),2012 |  五股區,itemvalue13,是（欄位說明僅存於新北市統計年報）,4.0
101,,,,,,,欄位未定義,0.0,,社福,新北市政府主計處,身心障礙人數(101年以後),2012 |  泰山區,itemvalue13,是（欄位說明僅存於新北市統計年報）,5.0
101,,,,,,,欄位未定義,0.0,,社福,新北市政府主計處,身心障礙人數(101年以後),2012 |  林口區,itemvalue13,是（欄位說明僅存於新北市統計年報）,3.0
101,,,,,,,欄位未定義,0.0,,社福,新北市政府主計處,身心障礙人數(101年以後),2012 |  深坑區,itemvalue13,是（欄位說明僅存於新北市統計年報）,3.0
101,,,,,,,欄位未定義,0.0,,社福,新北市政府主計處,身心障礙人數(101年以後),2012 |  石碇區,itemvalue13,是（欄位說明僅存於新北市統計年報）,1.0
101,,,,,,,欄位未定義,0.0,,社福,新北市政府主計處,身心障礙人數(101年以後),2012 |  坪林區,itemvalue13,是（欄位說明僅存於新北市統計年報）,2.0
101,,,,,,,欄位未定義,0.0,,社福,新北市政府主計處,身心障礙人數(101年以後),2012 |  三芝區,itemvalue13,是（欄位說明僅存於新北市統計年報）,1.0
101,,,,,,,欄位未定義,0.0,,社福,新北市政府主計處,身心障礙人數(101年以後),2012 |  石門區,itemvalue13,是（欄位說明僅存於新北市統計年報）,0.0
101,,,,,,,欄位未定義,0.0,,社福,新北市政府主計處,身心障礙人數(101年以後),2012 |  八里區,itemvalue13,是（欄位說明僅存於新北市統計年報）,6.0
101,,,,,,,欄位未定義,0.0,,社福,新北市政府主計處,身心障礙人數(101年以後),2012 |  平溪區,itemvalue13,是（欄位說明僅存於新北市統計年報）,0.0
101,,,,,,,欄位未定義,0.0,,社福,新北市政府主計處,身心障礙人數(101年以後),2012 |  雙溪區,itemvalue13,是（欄位說明僅存於新北市統計年報）,2.0
101,,,,,,,欄位未定義,0.0,,社福,新北市政府主計處,身心障礙人數(101年以後),2012 |  貢寮區,itemvalue13,是（欄位說明僅存於新北市統計年報）,2.0
101,,,,,,,欄位未定義,0.0,,社福,新北市政府主計處,身心障礙人數(101年以後),2012 |  金山區,itemvalue13,是（欄位說明僅存於新北市統計年報）,1.0
101,,,,,,,欄位未定義,0.0,,社福,新北市政府主計處,身心障礙人數(101年以後),2012 |  萬里區,itemvalue13,是（欄位說明僅存於新北市統計年報）,3.0
101,,,,,,,欄位未定義,0.0,,社福,新北市政府主計處,身心障礙人數(101年以後),2012 |  烏來區,itemvalue13,是（欄位說明僅存於新北市統計年報）,1.0
101,,,,,,,欄位未定義,0.0,,社福,新北市政府主計處,身心障礙人數(101年以後),2012 |  新北市,itemvalue14,是（欄位說明僅存於新北市統計年報）,219.0
101,,,,,,,欄位未定義,0.0,,社福,新北市政府主計處,身心障礙人數(101年以後),2012 |  板橋區,itemvalue14,是（欄位說明僅存於新北市統計年報）,42.0
101,,,,,,,欄位未定義,0.0,,社福,新北市政府主計處,身心障礙人數(101年以後),2012 |  三重區,itemvalue14,是（欄位說明僅存於新北市統計年報）,19.0
101,,,,,,,欄位未定義,0.0,,社福,新北市政府主計處,身心障礙人數(101年以後),2012 |  中和區,itemvalue14,是（欄位說明僅存於新北市統計年報）,19.0
101,,,,,,,欄位未定義,0.0,,社福,新北市政府主計處,身心障礙人數(101年以後),2012 |  永和區,itemvalue14,是（欄位說明僅存於新北市統計年報）,13.0
101,,,,,,,欄位未定義,0.0,,社福,新北市政府主計處,身心障礙人數(101年以後),2012 |  新莊區,itemvalue14,是（欄位說明僅存於新北市統計年報）,19.0
101,,,,,,,欄位未定義,0.0,,社福,新北市政府主計處,身心障礙人數(101年以後),2012 |  新店區,itemvalue14,是（欄位說明僅存於新北市統計年報）,9.0
101,,,,,,,欄位未定義,0.0,,社福,新北市政府主計處,身心障礙人數(101年以後),2012 |  樹林區,itemvalue14,是（欄位說明僅存於新北市統計年報）,6.0
101,,,,,,,欄位未定義,0.0,,社福,新北市政府主計處,身心障礙人數(101年以後),2012 |  鶯歌區,itemvalue14,是（欄位說明僅存於新北市統計年報）,3.0
101,,,,,,,欄位未定義,0.0,,社福,新北市政府主計處,身心障礙人數(101年以後),2012 |  三峽區,itemvalue14,是（欄位說明僅存於新北市統計年報）,6.0
101,,,,,,,欄位未定義,0.0,,社福,新北市政府主計處,身心障礙人數(101年以後),2012 |  淡水區,itemvalue14,是（欄位說明僅存於新北市統計年報）,9.0
101,,,,,,,欄位未定義,0.0,,社福,新北市政府主計處,身心障礙人數(101年以後),2012 |  汐止區,itemvalue14,是（欄位說明僅存於新北市統計年報）,16.0
101,,,,,,,欄位未定義,0.0,,社福,新北市政府主計處,身心障礙人數(101年以後),2012 |  瑞芳區,itemvalue14,是（欄位說明僅存於新北市統計年報）,3.0
101,,,,,,,欄位未定義,0.0,,社福,新北市政府主計處,身心障礙人數(101年以後),2012 |  土城區,itemvalue14,是（欄位說明僅存於新北市統計年報）,19.0
101,,,,,,,欄位未定義,0.0,,社福,新北市政府主計處,身心障礙人數(101年以後),2012 |  蘆洲區,itemvalue14,是（欄位說明僅存於新北市統計年報）,9.0
101,,,,,,,欄位未定義,0.0,,社福,新北市政府主計處,身心障礙人數(101年以後),2012 |  五股區,itemvalue14,是（欄位說明僅存於新北市統計年報）,7.0
101,,,,,,,欄位未定義,0.0,,社福,新北市政府主計處,身心障礙人數(101年以後),2012 |  泰山區,itemvalue14,是（欄位說明僅存於新北市統計年報）,6.0
101,,,,,,,欄位未定義,0.0,,社福,新北市政府主計處,身心障礙人數(101年以後),2012 |  林口區,itemvalue14,是（欄位說明僅存於新北市統計年報）,3.0
101,,,,,,,欄位未定義,0.0,,社福,新北市政府主計處,身心障礙人數(101年以後),2012 |  深坑區,itemvalue14,是（欄位說明僅存於新北市統計年報）,2.0
101,,,,,,,欄位未定義,0.0,,社福,新北市政府主計處,身心障礙人數(101年以後),2012 |  石碇區,itemvalue14,是（欄位說明僅存於新北市統計年報）,1.0
101,,,,,,,欄位未定義,0.0,,社福,新北市政府主計處,身心障礙人數(101年以後),2012 |  坪林區,itemvalue14,是（欄位說明僅存於新北市統計年報）,0.0
101,,,,,,,欄位未定義,0.0,,社福,新北市政府主計處,身心障礙人數(101年以後),2012 |  三芝區,itemvalue14,是（欄位說明僅存於新北市統計年報）,1.0
101,,,,,,,欄位未定義,0.0,,社福,新北市政府主計處,身心障礙人數(101年以後),2012 |  石門區,itemvalue14,是（欄位說明僅存於新北市統計年報）,0.0
101,,,,,,,欄位未定義,0.0,,社福,新北市政府主計處,身心障礙人數(101年以後),2012 |  八里區,itemvalue14,是（欄位說明僅存於新北市統計年報）,1.0
101,,,,,,,欄位未定義,0.0,,社福,新北市政府主計處,身心障礙人數(101年以後),2012 |  平溪區,itemvalue14,是（欄位說明僅存於新北市統計年報）,1.0
101,,,,,,,欄位未定義,0.0,,社福,新北市政府主計處,身心障礙人數(101年以後),2012 |  雙溪區,itemvalue14,是（欄位說明僅存於新北市統計年報）,1.0
101,,,,,,,欄位未定義,0.0,,社福,新北市政府主計處,身心障礙人數(101年以後),2012 |  貢寮區,itemvalue14,是（欄位說明僅存於新北市統計年報）,3.0
101,,,,,,,欄位未定義,0.0,,社福,新北市政府主計處,身心障礙人數(101年以後),2012 |  金山區,itemvalue14,是（欄位說明僅存於新北市統計年報）,1.0
101,,,,,,,欄位未定義,0.0,,社福,新北市政府主計處,身心障礙人數(101年以後),2012 |  萬里區,itemvalue14,是（欄位說明僅存於新北市統計年報）,0.0
101,,,,,,,欄位未定義,0.0,,社福,新北市政府主計處,身心障礙人數(101年以後),2012 |  烏來區,itemvalue14,是（欄位說明僅存於新北市統計年報）,0.0
101,,,,,,,欄位未定義,0.0,,社福,新北市政府主計處,身心障礙人數(101年以後),2012 |  新北市,itemvalue15,是（欄位說明僅存於新北市統計年報）,1150.0
101,,,,,,,欄位未定義,0.0,,社福,新北市政府主計處,身心障礙人數(101年以後),2012 |  板橋區,itemvalue15,是（欄位說明僅存於新北市統計年報）,183.0
101,,,,,,,欄位未定義,0.0,,社福,新北市政府主計處,身心障礙人數(101年以後),2012 |  三重區,itemvalue15,是（欄位說明僅存於新北市統計年報）,137.0
101,,,,,,,欄位未定義,0.0,,社福,新北市政府主計處,身心障礙人數(101年以後),2012 |  中和區,itemvalue15,是（欄位說明僅存於新北市統計年報）,134.0
101,,,,,,,欄位未定義,0.0,,社福,新北市政府主計處,身心障礙人數(101年以後),2012 |  永和區,itemvalue15,是（欄位說明僅存於新北市統計年報）,53.0
101,,,,,,,欄位未定義,0.0,,社福,新北市政府主計處,身心障礙人數(101年以後),2012 |  新莊區,itemvalue15,是（欄位說明僅存於新北市統計年報）,89.0
101,,,,,,,欄位未定義,0.0,,社福,新北市政府主計處,身心障礙人數(101年以後),2012 |  新店區,itemvalue15,是（欄位說明僅存於新北市統計年報）,74.0
101,,,,,,,欄位未定義,0.0,,社福,新北市政府主計處,身心障礙人數(101年以後),2012 |  樹林區,itemvalue15,是（欄位說明僅存於新北市統計年報）,54.0
101,,,,,,,欄位未定義,0.0,,社福,新北市政府主計處,身心障礙人數(101年以後),2012 |  鶯歌區,itemvalue15,是（欄位說明僅存於新北市統計年報）,26.0
101,,,,,,,欄位未定義,0.0,,社福,新北市政府主計處,身心障礙人數(101年以後),2012 |  三峽區,itemvalue15,是（欄位說明僅存於新北市統計年報）,38.0
101,,,,,,,欄位未定義,0.0,,社福,新北市政府主計處,身心障礙人數(101年以後),2012 |  淡水區,itemvalue15,是（欄位說明僅存於新北市統計年報）,27.0
101,,,,,,,欄位未定義,0.0,,社福,新北市政府主計處,身心障礙人數(101年以後),2012 |  汐止區,itemvalue15,是（欄位說明僅存於新北市統計年報）,48.0
101,,,,,,,欄位未定義,0.0,,社福,新北市政府主計處,身心障礙人數(101年以後),2012 |  瑞芳區,itemvalue15,是（欄位說明僅存於新北市統計年報）,27.0
101,,,,,,,欄位未定義,0.0,,社福,新北市政府主計處,身心障礙人數(101年以後),2012 |  土城區,itemvalue15,是（欄位說明僅存於新北市統計年報）,63.0
101,,,,,,,欄位未定義,0.0,,社福,新北市政府主計處,身心障礙人數(101年以後),2012 |  蘆洲區,itemvalue15,是（欄位說明僅存於新北市統計年報）,56.0
101,,,,,,,欄位未定義,0.0,,社福,新北市政府主計處,身心障礙人數(101年以後),2012 |  五股區,itemvalue15,是（欄位說明僅存於新北市統計年報）,31.0
101,,,,,,,欄位未定義,0.0,,社福,新北市政府主計處,身心障礙人數(101年以後),2012 |  泰山區,itemvalue15,是（欄位說明僅存於新北市統計年報）,22.0
101,,,,,,,欄位未定義,0.0,,社福,新北市政府主計處,身心障礙人數(101年以後),2012 |  林口區,itemvalue15,是（欄位說明僅存於新北市統計年報）,21.0
101,,,,,,,欄位未定義,0.0,,社福,新北市政府主計處,身心障礙人數(101年以後),2012 |  深坑區,itemvalue15,是（欄位說明僅存於新北市統計年報）,7.0
101,,,,,,,欄位未定義,0.0,,社福,新北市政府主計處,身心障礙人數(101年以後),2012 |  石碇區,itemvalue15,是（欄位說明僅存於新北市統計年報）,3.0
101,,,,,,,欄位未定義,0.0,,社福,新北市政府主計處,身心障礙人數(101年以後),2012 |  坪林區,itemvalue15,是（欄位說明僅存於新北市統計年報）,1.0
101,,,,,,,欄位未定義,0.0,,社福,新北市政府主計處,身心障礙人數(101年以後),2012 |  三芝區,itemvalue15,是（欄位說明僅存於新北市統計年報）,7.0
101,,,,,,,欄位未定義,0.0,,社福,新北市政府主計處,身心障礙人數(101年以後),2012 |  石門區,itemvalue15,是（欄位說明僅存於新北市統計年報）,2.0
101,,,,,,,欄位未定義,0.0,,社福,新北市政府主計處,身心障礙人數(101年以後),2012 |  八里區,itemvalue15,是（欄位說明僅存於新北市統計年報）,16.0
101,,,,,,,欄位未定義,0.0,,社福,新北市政府主計處,身心障礙人數(101年以後),2012 |  平溪區,itemvalue15,是（欄位說明僅存於新北市統計年報）,2.0
101,,,,,,,欄位未定義,0.0,,社福,新北市政府主計處,身心障礙人數(101年以後),2012 |  雙溪區,itemvalue15,是（欄位說明僅存於新北市統計年報）,3.0
101,,,,,,,欄位未定義,0.0,,社福,新北市政府主計處,身心障礙人數(101年以後),2012 |  貢寮區,itemvalue15,是（欄位說明僅存於新北市統計年報）,10.0
101,,,,,,,欄位未定義,0.0,,社福,新北市政府主計處,身心障礙人數(101年以後),2012 |  金山區,itemvalue15,是（欄位說明僅存於新北市統計年報）,8.0
101,,,,,,,欄位未定義,0.0,,社福,新北市政府主計處,身心障礙人數(101年以後),2012 |  萬里區,itemvalue15,是（欄位說明僅存於新北市統計年報）,8.0
101,,,,,,,欄位未定義,0.0,,社福,新北市政府主計處,身心障礙人數(101年以後),2012 |  烏來區,itemvalue15,是（欄位說明僅存於新北市統計年報）,0.0
101,,,,,,,欄位未定義,0.0,,社福,新北市政府主計處,身心障礙人數(101年以後),2012 |  新北市,itemvalue16,是（欄位說明僅存於新北市統計年報）,481.0
101,,,,,,,欄位未定義,0.0,,社福,新北市政府主計處,身心障礙人數(101年以後),2012 |  板橋區,itemvalue16,是（欄位說明僅存於新北市統計年報）,64.0
101,,,,,,,欄位未定義,0.0,,社福,新北市政府主計處,身心障礙人數(101年以後),2012 |  三重區,itemvalue16,是（欄位說明僅存於新北市統計年報）,53.0
101,,,,,,,欄位未定義,0.0,,社福,新北市政府主計處,身心障礙人數(101年以後),2012 |  中和區,itemvalue16,是（欄位說明僅存於新北市統計年報）,63.0
101,,,,,,,欄位未定義,0.0,,社福,新北市政府主計處,身心障礙人數(101年以後),2012 |  永和區,itemvalue16,是（欄位說明僅存於新北市統計年報）,30.0
101,,,,,,,欄位未定義,0.0,,社福,新北市政府主計處,身心障礙人數(101年以後),2012 |  新莊區,itemvalue16,是（欄位說明僅存於新北市統計年報）,37.0
101,,,,,,,欄位未定義,0.0,,社福,新北市政府主計處,身心障礙人數(101年以後),2012 |  新店區,itemvalue16,是（欄位說明僅存於新北市統計年報）,23.0
101,,,,,,,欄位未定義,0.0,,社福,新北市政府主計處,身心障礙人數(101年以後),2012 |  樹林區,itemvalue16,是（欄位說明僅存於新北市統計年報）,23.0
101,,,,,,,欄位未定義,0.0,,社福,新北市政府主計處,身心障礙人數(101年以後),2012 |  鶯歌區,itemvalue16,是（欄位說明僅存於新北市統計年報）,14.0
101,,,,,,,欄位未定義,0.0,,社福,新北市政府主計處,身心障礙人數(101年以後),2012 |  三峽區,itemvalue16,是（欄位說明僅存於新北市統計年報）,17.0
101,,,,,,,欄位未定義,0.0,,社福,新北市政府主計處,身心障礙人數(101年以後),2012 |  淡水區,itemvalue16,是（欄位說明僅存於新北市統計年報）,12.0
101,,,,,,,欄位未定義,0.0,,社福,新北市政府主計處,身心障礙人數(101年以後),2012 |  汐止區,itemvalue16,是（欄位說明僅存於新北市統計年報）,26.0
101,,,,,,,欄位未定義,0.0,,社福,新北市政府主計處,身心障礙人數(101年以後),2012 |  瑞芳區,itemvalue16,是（欄位說明僅存於新北市統計年報）,6.0
101,,,,,,,欄位未定義,0.0,,社福,新北市政府主計處,身心障礙人數(101年以後),2012 |  土城區,itemvalue16,是（欄位說明僅存於新北市統計年報）,32.0
101,,,,,,,欄位未定義,0.0,,社福,新北市政府主計處,身心障礙人數(101年以後),2012 |  蘆洲區,itemvalue16,是（欄位說明僅存於新北市統計年報）,28.0
101,,,,,,,欄位未定義,0.0,,社福,新北市政府主計處,身心障礙人數(101年以後),2012 |  五股區,itemvalue16,是（欄位說明僅存於新北市統計年報）,11.0
101,,,,,,,欄位未定義,0.0,,社福,新北市政府主計處,身心障礙人數(101年以後),2012 |  泰山區,itemvalue16,是（欄位說明僅存於新北市統計年報）,11.0
101,,,,,,,欄位未定義,0.0,,社福,新北市政府主計處,身心障礙人數(101年以後),2012 |  林口區,itemvalue16,是（欄位說明僅存於新北市統計年報）,8.0
101,,,,,,,欄位未定義,0.0,,社福,新北市政府主計處,身心障礙人數(101年以後),2012 |  深坑區,itemvalue16,是（欄位說明僅存於新北市統計年報）,1.0
101,,,,,,,欄位未定義,0.0,,社福,新北市政府主計處,身心障礙人數(101年以後),2012 |  石碇區,itemvalue16,是（欄位說明僅存於新北市統計年報）,2.0
101,,,,,,,欄位未定義,0.0,,社福,新北市政府主計處,身心障礙人數(101年以後),2012 |  坪林區,itemvalue16,是（欄位說明僅存於新北市統計年報）,3.0
101,,,,,,,欄位未定義,0.0,,社福,新北市政府主計處,身心障礙人數(101年以後),2012 |  三芝區,itemvalue16,是（欄位說明僅存於新北市統計年報）,2.0
101,,,,,,,欄位未定義,0.0,,社福,新北市政府主計處,身心障礙人數(101年以後),2012 |  石門區,itemvalue16,是（欄位說明僅存於新北市統計年報）,0.0
101,,,,,,,欄位未定義,0.0,,社福,新北市政府主計處,身心障礙人數(101年以後),2012 |  八里區,itemvalue16,是（欄位說明僅存於新北市統計年報）,2.0
101,,,,,,,欄位未定義,0.0,,社福,新北市政府主計處,身心障礙人數(101年以後),2012 |  平溪區,itemvalue16,是（欄位說明僅存於新北市統計年報）,0.0
101,,,,,,,欄位未定義,0.0,,社福,新北市政府主計處,身心障礙人數(101年以後),2012 |  雙溪區,itemvalue16,是（欄位說明僅存於新北市統計年報）,3.0
101,,,,,,,欄位未定義,0.0,,社福,新北市政府主計處,身心障礙人數(101年以後),2012 |  貢寮區,itemvalue16,是（欄位說明僅存於新北市統計年報）,2.0
101,,,,,,,欄位未定義,0.0,,社福,新北市政府主計處,身心障礙人數(101年以後),2012 |  金山區,itemvalue16,是（欄位說明僅存於新北市統計年報）,4.0
101,,,,,,,欄位未定義,0.0,,社福,新北市政府主計處,身心障礙人數(101年以後),2012 |  萬里區,itemvalue16,是（欄位說明僅存於新北市統計年報）,4.0
101,,,,,,,欄位未定義,0.0,,社福,新北市政府主計處,身心障礙人數(101年以後),2012 |  烏來區,itemvalue16,是（欄位說明僅存於新北市統計年報）,0.0
101,,,,,,,欄位未定義,0.0,,社福,新北市政府主計處,身心障礙人數(101年以後),2012 |  新北市,itemvalue17,是（欄位說明僅存於新北市統計年報）,28486.0
101,,,,,,,欄位未定義,0.0,,社福,新北市政府主計處,身心障礙人數(101年以後),2012 |  板橋區,itemvalue17,是（欄位說明僅存於新北市統計年報）,3963.0
101,,,,,,,欄位未定義,0.0,,社福,新北市政府主計處,身心障礙人數(101年以後),2012 |  三重區,itemvalue17,是（欄位說明僅存於新北市統計年報）,3234.0
101,,,,,,,欄位未定義,0.0,,社福,新北市政府主計處,身心障礙人數(101年以後),2012 |  中和區,itemvalue17,是（欄位說明僅存於新北市統計年報）,2683.0
101,,,,,,,欄位未定義,0.0,,社福,新北市政府主計處,身心障礙人數(101年以後),2012 |  永和區,itemvalue17,是（欄位說明僅存於新北市統計年報）,1229.0
101,,,,,,,欄位未定義,0.0,,社福,新北市政府主計處,身心障礙人數(101年以後),2012 |  新莊區,itemvalue17,是（欄位說明僅存於新北市統計年報）,3117.0
101,,,,,,,欄位未定義,0.0,,社福,新北市政府主計處,身心障礙人數(101年以後),2012 |  新店區,itemvalue17,是（欄位說明僅存於新北市統計年報）,1854.0
101,,,,,,,欄位未定義,0.0,,社福,新北市政府主計處,身心障礙人數(101年以後),2012 |  樹林區,itemvalue17,是（欄位說明僅存於新北市統計年報）,1392.0
101,,,,,,,欄位未定義,0.0,,社福,新北市政府主計處,身心障礙人數(101年以後),2012 |  鶯歌區,itemvalue17,是（欄位說明僅存於新北市統計年報）,637.0
101,,,,,,,欄位未定義,0.0,,社福,新北市政府主計處,身心障礙人數(101年以後),2012 |  三峽區,itemvalue17,是（欄位說明僅存於新北市統計年報）,887.0
101,,,,,,,欄位未定義,0.0,,社福,新北市政府主計處,身心障礙人數(101年以後),2012 |  淡水區,itemvalue17,是（欄位說明僅存於新北市統計年報）,865.0
101,,,,,,,欄位未定義,0.0,,社福,新北市政府主計處,身心障礙人數(101年以後),2012 |  汐止區,itemvalue17,是（欄位說明僅存於新北市統計年報）,1230.0
101,,,,,,,欄位未定義,0.0,,社福,新北市政府主計處,身心障礙人數(101年以後),2012 |  瑞芳區,itemvalue17,是（欄位說明僅存於新北市統計年報）,597.0
101,,,,,,,欄位未定義,0.0,,社福,新北市政府主計處,身心障礙人數(101年以後),2012 |  土城區,itemvalue17,是（欄位說明僅存於新北市統計年報）,1850.0
101,,,,,,,欄位未定義,0.0,,社福,新北市政府主計處,身心障礙人數(101年以後),2012 |  蘆洲區,itemvalue17,是（欄位說明僅存於新北市統計年報）,1388.0
101,,,,,,,欄位未定義,0.0,,社福,新北市政府主計處,身心障礙人數(101年以後),2012 |  五股區,itemvalue17,是（欄位說明僅存於新北市統計年報）,648.0
101,,,,,,,欄位未定義,0.0,,社福,新北市政府主計處,身心障礙人數(101年以後),2012 |  泰山區,itemvalue17,是（欄位說明僅存於新北市統計年報）,553.0
101,,,,,,,欄位未定義,0.0,,社福,新北市政府主計處,身心障礙人數(101年以後),2012 |  林口區,itemvalue17,是（欄位說明僅存於新北市統計年報）,499.0
101,,,,,,,欄位未定義,0.0,,社福,新北市政府主計處,身心障礙人數(101年以後),2012 |  深坑區,itemvalue17,是（欄位說明僅存於新北市統計年報）,155.0
101,,,,,,,欄位未定義,0.0,,社福,新北市政府主計處,身心障礙人數(101年以後),2012 |  石碇區,itemvalue17,是（欄位說明僅存於新北市統計年報）,105.0
101,,,,,,,欄位未定義,0.0,,社福,新北市政府主計處,身心障礙人數(101年以後),2012 |  坪林區,itemvalue17,是（欄位說明僅存於新北市統計年報）,64.0
101,,,,,,,欄位未定義,0.0,,社福,新北市政府主計處,身心障礙人數(101年以後),2012 |  三芝區,itemvalue17,是（欄位說明僅存於新北市統計年報）,196.0
101,,,,,,,欄位未定義,0.0,,社福,新北市政府主計處,身心障礙人數(101年以後),2012 |  石門區,itemvalue17,是（欄位說明僅存於新北市統計年報）,114.0
101,,,,,,,欄位未定義,0.0,,社福,新北市政府主計處,身心障礙人數(101年以後),2012 |  八里區,itemvalue17,是（欄位說明僅存於新北市統計年報）,275.0
101,,,,,,,欄位未定義,0.0,,社福,新北市政府主計處,身心障礙人數(101年以後),2012 |  平溪區,itemvalue17,是（欄位說明僅存於新北市統計年報）,83.0
101,,,,,,,欄位未定義,0.0,,社福,新北市政府主計處,身心障礙人數(101年以後),2012 |  雙溪區,itemvalue17,是（欄位說明僅存於新北市統計年報）,130.0
101,,,,,,,欄位未定義,0.0,,社福,新北市政府主計處,身心障礙人數(101年以後),2012 |  貢寮區,itemvalue17,是（欄位說明僅存於新北市統計年報）,161.0
101,,,,,,,欄位未定義,0.0,,社福,新北市政府主計處,身心障礙人數(101年以後),2012 |  金山區,itemvalue17,是（欄位說明僅存於新北市統計年報）,241.0
101,,,,,,,欄位未定義,0.0,,社福,新北市政府主計處,身心障礙人數(101年以後),2012 |  萬里區,itemvalue17,是（欄位說明僅存於新北市統計年報）,279.0
101,,,,,,,欄位未定義,0.0,,社福,新北市政府主計處,身心障礙人數(101年以後),2012 |  烏來區,itemvalue17,是（欄位說明僅存於新北市統計年報）,57.0
101,,,,,,,欄位未定義,0.0,,社福,新北市政府主計處,身心障礙人數(101年以後),2012 |  新北市,itemvalue18,是（欄位說明僅存於新北市統計年報）,17393.0
101,,,,,,,欄位未定義,0.0,,社福,新北市政府主計處,身心障礙人數(101年以後),2012 |  板橋區,itemvalue18,是（欄位說明僅存於新北市統計年報）,2509.0
101,,,,,,,欄位未定義,0.0,,社福,新北市政府主計處,身心障礙人數(101年以後),2012 |  三重區,itemvalue18,是（欄位說明僅存於新北市統計年報）,1835.0
101,,,,,,,欄位未定義,0.0,,社福,新北市政府主計處,身心障礙人數(101年以後),2012 |  中和區,itemvalue18,是（欄位說明僅存於新北市統計年報）,1774.0
101,,,,,,,欄位未定義,0.0,,社福,新北市政府主計處,身心障礙人數(101年以後),2012 |  永和區,itemvalue18,是（欄位說明僅存於新北市統計年報）,838.0
101,,,,,,,欄位未定義,0.0,,社福,新北市政府主計處,身心障礙人數(101年以後),2012 |  新莊區,itemvalue18,是（欄位說明僅存於新北市統計年報）,1880.0
101,,,,,,,欄位未定義,0.0,,社福,新北市政府主計處,身心障礙人數(101年以後),2012 |  新店區,itemvalue18,是（欄位說明僅存於新北市統計年報）,1228.0
101,,,,,,,欄位未定義,0.0,,社福,新北市政府主計處,身心障礙人數(101年以後),2012 |  樹林區,itemvalue18,是（欄位說明僅存於新北市統計年報）,819.0
101,,,,,,,欄位未定義,0.0,,社福,新北市政府主計處,身心障礙人數(101年以後),2012 |  鶯歌區,itemvalue18,是（欄位說明僅存於新北市統計年報）,373.0
101,,,,,,,欄位未定義,0.0,,社福,新北市政府主計處,身心障礙人數(101年以後),2012 |  三峽區,itemvalue18,是（欄位說明僅存於新北市統計年報）,477.0
101,,,,,,,欄位未定義,0.0,,社福,新北市政府主計處,身心障礙人數(101年以後),2012 |  淡水區,itemvalue18,是（欄位說明僅存於新北市統計年報）,555.0
101,,,,,,,欄位未定義,0.0,,社福,新北市政府主計處,身心障礙人數(101年以後),2012 |  汐止區,itemvalue18,是（欄位說明僅存於新北市統計年報）,792.0
101,,,,,,,欄位未定義,0.0,,社福,新北市政府主計處,身心障礙人數(101年以後),2012 |  瑞芳區,itemvalue18,是（欄位說明僅存於新北市統計年報）,350.0
101,,,,,,,欄位未定義,0.0,,社福,新北市政府主計處,身心障礙人數(101年以後),2012 |  土城區,itemvalue18,是（欄位說明僅存於新北市統計年報）,1090.0
101,,,,,,,欄位未定義,0.0,,社福,新北市政府主計處,身心障礙人數(101年以後),2012 |  蘆洲區,itemvalue18,是（欄位說明僅存於新北市統計年報）,826.0
101,,,,,,,欄位未定義,0.0,,社福,新北市政府主計處,身心障礙人數(101年以後),2012 |  五股區,itemvalue18,是（欄位說明僅存於新北市統計年報）,369.0
101,,,,,,,欄位未定義,0.0,,社福,新北市政府主計處,身心障礙人數(101年以後),2012 |  泰山區,itemvalue18,是（欄位說明僅存於新北市統計年報）,314.0
101,,,,,,,欄位未定義,0.0,,社福,新北市政府主計處,身心障礙人數(101年以後),2012 |  林口區,itemvalue18,是（欄位說明僅存於新北市統計年報）,313.0
101,,,,,,,欄位未定義,0.0,,社福,新北市政府主計處,身心障礙人數(101年以後),2012 |  深坑區,itemvalue18,是（欄位說明僅存於新北市統計年報）,94.0
101,,,,,,,欄位未定義,0.0,,社福,新北市政府主計處,身心障礙人數(101年以後),2012 |  石碇區,itemvalue18,是（欄位說明僅存於新北市統計年報）,43.0
101,,,,,,,欄位未定義,0.0,,社福,新北市政府主計處,身心障礙人數(101年以後),2012 |  坪林區,itemvalue18,是（欄位說明僅存於新北市統計年報）,39.0
101,,,,,,,欄位未定義,0.0,,社福,新北市政府主計處,身心障礙人數(101年以後),2012 |  三芝區,itemvalue18,是（欄位說明僅存於新北市統計年報）,117.0
101,,,,,,,欄位未定義,0.0,,社福,新北市政府主計處,身心障礙人數(101年以後),2012 |  石門區,itemvalue18,是（欄位說明僅存於新北市統計年報）,44.0
101,,,,,,,欄位未定義,0.0,,社福,新北市政府主計處,身心障礙人數(101年以後),2012 |  八里區,itemvalue18,是（欄位說明僅存於新北市統計年報）,159.0
101,,,,,,,欄位未定義,0.0,,社福,新北市政府主計處,身心障礙人數(101年以後),2012 |  平溪區,itemvalue18,是（欄位說明僅存於新北市統計年報）,50.0
101,,,,,,,欄位未定義,0.0,,社福,新北市政府主計處,身心障礙人數(101年以後),2012 |  雙溪區,itemvalue18,是（欄位說明僅存於新北市統計年報）,91.0
101,,,,,,,欄位未定義,0.0,,社福,新北市政府主計處,身心障礙人數(101年以後),2012 |  貢寮區,itemvalue18,是（欄位說明僅存於新北市統計年報）,90.0
101,,,,,,,欄位未定義,0.0,,社福,新北市政府主計處,身心障礙人數(101年以後),2012 |  金山區,itemvalue18,是（欄位說明僅存於新北市統計年報）,150.0
101,,,,,,,欄位未定義,0.0,,社福,新北市政府主計處,身心障礙人數(101年以後),2012 |  萬里區,itemvalue18,是（欄位說明僅存於新北市統計年報）,138.0
101,,,,,,,欄位未定義,0.0,,社福,新北市政府主計處,身心障礙人數(101年以後),2012 |  烏來區,itemvalue18,是（欄位說明僅存於新北市統計年報）,36.0
101,,,,,,,欄位未定義,0.0,,社福,新北市政府主計處,身心障礙人數(101年以後),2012 |  新北市,itemvalue19,是（欄位說明僅存於新北市統計年報）,7381.0
101,,,,,,,欄位未定義,0.0,,社福,新北市政府主計處,身心障礙人數(101年以後),2012 |  板橋區,itemvalue19,是（欄位說明僅存於新北市統計年報）,986.0
101,,,,,,,欄位未定義,0.0,,社福,新北市政府主計處,身心障礙人數(101年以後),2012 |  三重區,itemvalue19,是（欄位說明僅存於新北市統計年報）,850.0
101,,,,,,,欄位未定義,0.0,,社福,新北市政府主計處,身心障礙人數(101年以後),2012 |  中和區,itemvalue19,是（欄位說明僅存於新北市統計年報）,650.0
101,,,,,,,欄位未定義,0.0,,社福,新北市政府主計處,身心障礙人數(101年以後),2012 |  永和區,itemvalue19,是（欄位說明僅存於新北市統計年報）,267.0
101,,,,,,,欄位未定義,0.0,,社福,新北市政府主計處,身心障礙人數(101年以後),2012 |  新莊區,itemvalue19,是（欄位說明僅存於新北市統計年報）,721.0
101,,,,,,,欄位未定義,0.0,,社福,新北市政府主計處,身心障礙人數(101年以後),2012 |  新店區,itemvalue19,是（欄位說明僅存於新北市統計年報）,469.0
101,,,,,,,欄位未定義,0.0,,社福,新北市政府主計處,身心障礙人數(101年以後),2012 |  樹林區,itemvalue19,是（欄位說明僅存於新北市統計年報）,354.0
101,,,,,,,欄位未定義,0.0,,社福,新北市政府主計處,身心障礙人數(101年以後),2012 |  鶯歌區,itemvalue19,是（欄位說明僅存於新北市統計年報）,224.0
101,,,,,,,欄位未定義,0.0,,社福,新北市政府主計處,身心障礙人數(101年以後),2012 |  三峽區,itemvalue19,是（欄位說明僅存於新北市統計年報）,291.0
101,,,,,,,欄位未定義,0.0,,社福,新北市政府主計處,身心障礙人數(101年以後),2012 |  淡水區,itemvalue19,是（欄位說明僅存於新北市統計年報）,262.0
101,,,,,,,欄位未定義,0.0,,社福,新北市政府主計處,身心障礙人數(101年以後),2012 |  汐止區,itemvalue19,是（欄位說明僅存於新北市統計年報）,317.0
101,,,,,,,欄位未定義,0.0,,社福,新北市政府主計處,身心障礙人數(101年以後),2012 |  瑞芳區,itemvalue19,是（欄位說明僅存於新北市統計年報）,177.0
101,,,,,,,欄位未定義,0.0,,社福,新北市政府主計處,身心障礙人數(101年以後),2012 |  土城區,itemvalue19,是（欄位說明僅存於新北市統計年報）,443.0
101,,,,,,,欄位未定義,0.0,,社福,新北市政府主計處,身心障礙人數(101年以後),2012 |  蘆洲區,itemvalue19,是（欄位說明僅存於新北市統計年報）,364.0
101,,,,,,,欄位未定義,0.0,,社福,新北市政府主計處,身心障礙人數(101年以後),2012 |  五股區,itemvalue19,是（欄位說明僅存於新北市統計年報）,167.0
101,,,,,,,欄位未定義,0.0,,社福,新北市政府主計處,身心障礙人數(101年以後),2012 |  泰山區,itemvalue19,是（欄位說明僅存於新北市統計年報）,130.0
101,,,,,,,欄位未定義,0.0,,社福,新北市政府主計處,身心障礙人數(101年以後),2012 |  林口區,itemvalue19,是（欄位說明僅存於新北市統計年報）,113.0
101,,,,,,,欄位未定義,0.0,,社福,新北市政府主計處,身心障礙人數(101年以後),2012 |  深坑區,itemvalue19,是（欄位說明僅存於新北市統計年報）,57.0
101,,,,,,,欄位未定義,0.0,,社福,新北市政府主計處,身心障礙人數(101年以後),2012 |  石碇區,itemvalue19,是（欄位說明僅存於新北市統計年報）,31.0
101,,,,,,,欄位未定義,0.0,,社福,新北市政府主計處,身心障礙人數(101年以後),2012 |  坪林區,itemvalue19,是（欄位說明僅存於新北市統計年報）,15.0
101,,,,,,,欄位未定義,0.0,,社福,新北市政府主計處,身心障礙人數(101年以後),2012 |  三芝區,itemvalue19,是（欄位說明僅存於新北市統計年報）,79.0
101,,,,,,,欄位未定義,0.0,,社福,新北市政府主計處,身心障礙人數(101年以後),2012 |  石門區,itemvalue19,是（欄位說明僅存於新北市統計年報）,38.0
101,,,,,,,欄位未定義,0.0,,社福,新北市政府主計處,身心障礙人數(101年以後),2012 |  八里區,itemvalue19,是（欄位說明僅存於新北市統計年報）,95.0
101,,,,,,,欄位未定義,0.0,,社福,新北市政府主計處,身心障礙人數(101年以後),2012 |  平溪區,itemvalue19,是（欄位說明僅存於新北市統計年報）,33.0
101,,,,,,,欄位未定義,0.0,,社福,新北市政府主計處,身心障礙人數(101年以後),2012 |  雙溪區,itemvalue19,是（欄位說明僅存於新北市統計年報）,30.0
101,,,,,,,欄位未定義,0.0,,社福,新北市政府主計處,身心障礙人數(101年以後),2012 |  貢寮區,itemvalue19,是（欄位說明僅存於新北市統計年報）,57.0
101,,,,,,,欄位未定義,0.0,,社福,新北市政府主計處,身心障礙人數(101年以後),2012 |  金山區,itemvalue19,是（欄位說明僅存於新北市統計年報）,64.0
101,,,,,,,欄位未定義,0.0,,社福,新北市政府主計處,身心障礙人數(101年以後),2012 |  萬里區,itemvalue19,是（欄位說明僅存於新北市統計年報）,78.0
101,,,,,,,欄位未定義,0.0,,社福,新北市政府主計處,身心障礙人數(101年以後),2012 |  烏來區,itemvalue19,是（欄位說明僅存於新北市統計年報）,19.0
101,,,,,,,欄位未定義,0.0,,社福,新北市政府主計處,身心障礙人數(101年以後),2012 |  新北市,itemvalue20,是（欄位說明僅存於新北市統計年報）,5337.0
101,,,,,,,欄位未定義,0.0,,社福,新北市政府主計處,身心障礙人數(101年以後),2012 |  板橋區,itemvalue20,是（欄位說明僅存於新北市統計年報）,673.0
101,,,,,,,欄位未定義,0.0,,社福,新北市政府主計處,身心障礙人數(101年以後),2012 |  三重區,itemvalue20,是（欄位說明僅存於新北市統計年報）,563.0
101,,,,,,,欄位未定義,0.0,,社福,新北市政府主計處,身心障礙人數(101年以後),2012 |  中和區,itemvalue20,是（欄位說明僅存於新北市統計年報）,543.0
101,,,,,,,欄位未定義,0.0,,社福,新北市政府主計處,身心障礙人數(101年以後),2012 |  永和區,itemvalue20,是（欄位說明僅存於新北市統計年報）,190.0
101,,,,,,,欄位未定義,0.0,,社福,新北市政府主計處,身心障礙人數(101年以後),2012 |  新莊區,itemvalue20,是（欄位說明僅存於新北市統計年報）,495.0
101,,,,,,,欄位未定義,0.0,,社福,新北市政府主計處,身心障礙人數(101年以後),2012 |  新店區,itemvalue20,是（欄位說明僅存於新北市統計年報）,352.0
101,,,,,,,欄位未定義,0.0,,社福,新北市政府主計處,身心障礙人數(101年以後),2012 |  樹林區,itemvalue20,是（欄位說明僅存於新北市統計年報）,261.0
101,,,,,,,欄位未定義,0.0,,社福,新北市政府主計處,身心障礙人數(101年以後),2012 |  鶯歌區,itemvalue20,是（欄位說明僅存於新北市統計年報）,202.0
101,,,,,,,欄位未定義,0.0,,社福,新北市政府主計處,身心障礙人數(101年以後),2012 |  三峽區,itemvalue20,是（欄位說明僅存於新北市統計年報）,194.0
101,,,,,,,欄位未定義,0.0,,社福,新北市政府主計處,身心障礙人數(101年以後),2012 |  淡水區,itemvalue20,是（欄位說明僅存於新北市統計年報）,201.0
101,,,,,,,欄位未定義,0.0,,社福,新北市政府主計處,身心障礙人數(101年以後),2012 |  汐止區,itemvalue20,是（欄位說明僅存於新北市統計年報）,216.0
101,,,,,,,欄位未定義,0.0,,社福,新北市政府主計處,身心障礙人數(101年以後),2012 |  瑞芳區,itemvalue20,是（欄位說明僅存於新北市統計年報）,140.0
101,,,,,,,欄位未定義,0.0,,社福,新北市政府主計處,身心障礙人數(101年以後),2012 |  土城區,itemvalue20,是（欄位說明僅存於新北市統計年報）,319.0
101,,,,,,,欄位未定義,0.0,,社福,新北市政府主計處,身心障礙人數(101年以後),2012 |  蘆洲區,itemvalue20,是（欄位說明僅存於新北市統計年報）,247.0
101,,,,,,,欄位未定義,0.0,,社福,新北市政府主計處,身心障礙人數(101年以後),2012 |  五股區,itemvalue20,是（欄位說明僅存於新北市統計年報）,126.0
101,,,,,,,欄位未定義,0.0,,社福,新北市政府主計處,身心障礙人數(101年以後),2012 |  泰山區,itemvalue20,是（欄位說明僅存於新北市統計年報）,104.0
101,,,,,,,欄位未定義,0.0,,社福,新北市政府主計處,身心障礙人數(101年以後),2012 |  林口區,itemvalue20,是（欄位說明僅存於新北市統計年報）,94.0
101,,,,,,,欄位未定義,0.0,,社福,新北市政府主計處,身心障礙人數(101年以後),2012 |  深坑區,itemvalue20,是（欄位說明僅存於新北市統計年報）,42.0
101,,,,,,,欄位未定義,0.0,,社福,新北市政府主計處,身心障礙人數(101年以後),2012 |  石碇區,itemvalue20,是（欄位說明僅存於新北市統計年報）,14.0
101,,,,,,,欄位未定義,0.0,,社福,新北市政府主計處,身心障礙人數(101年以後),2012 |  坪林區,itemvalue20,是（欄位說明僅存於新北市統計年報）,16.0
101,,,,,,,欄位未定義,0.0,,社福,新北市政府主計處,身心障礙人數(101年以後),2012 |  三芝區,itemvalue20,是（欄位說明僅存於新北市統計年報）,67.0
101,,,,,,,欄位未定義,0.0,,社福,新北市政府主計處,身心障礙人數(101年以後),2012 |  石門區,itemvalue20,是（欄位說明僅存於新北市統計年報）,28.0
101,,,,,,,欄位未定義,0.0,,社福,新北市政府主計處,身心障礙人數(101年以後),2012 |  八里區,itemvalue20,是（欄位說明僅存於新北市統計年報）,48.0
101,,,,,,,欄位未定義,0.0,,社福,新北市政府主計處,身心障礙人數(101年以後),2012 |  平溪區,itemvalue20,是（欄位說明僅存於新北市統計年報）,30.0
101,,,,,,,欄位未定義,0.0,,社福,新北市政府主計處,身心障礙人數(101年以後),2012 |  雙溪區,itemvalue20,是（欄位說明僅存於新北市統計年報）,22.0
101,,,,,,,欄位未定義,0.0,,社福,新北市政府主計處,身心障礙人數(101年以後),2012 |  貢寮區,itemvalue20,是（欄位說明僅存於新北市統計年報）,38.0
101,,,,,,,欄位未定義,0.0,,社福,新北市政府主計處,身心障礙人數(101年以後),2012 |  金山區,itemvalue20,是（欄位說明僅存於新北市統計年報）,52.0
101,,,,,,,欄位未定義,0.0,,社福,新北市政府主計處,身心障礙人數(101年以後),2012 |  萬里區,itemvalue20,是（欄位說明僅存於新北市統計年報）,48.0
101,,,,,,,欄位未定義,0.0,,社福,新北市政府主計處,身心障礙人數(101年以後),2012 |  烏來區,itemvalue20,是（欄位說明僅存於新北市統計年報）,12.0
101,,,,,,,欄位未定義,0.0,,社福,新北市政府主計處,身心障礙人數(101年以後),2012 |  新北市,itemvalue21,是（欄位說明僅存於新北市統計年報）,10210.0
101,,,,,,,欄位未定義,0.0,,社福,新北市政府主計處,身心障礙人數(101年以後),2012 |  板橋區,itemvalue21,是（欄位說明僅存於新北市統計年報）,1378.0
101,,,,,,,欄位未定義,0.0,,社福,新北市政府主計處,身心障礙人數(101年以後),2012 |  三重區,itemvalue21,是（欄位說明僅存於新北市統計年報）,1035.0
101,,,,,,,欄位未定義,0.0,,社福,新北市政府主計處,身心障礙人數(101年以後),2012 |  中和區,itemvalue21,是（欄位說明僅存於新北市統計年報）,1147.0
101,,,,,,,欄位未定義,0.0,,社福,新北市政府主計處,身心障礙人數(101年以後),2012 |  永和區,itemvalue21,是（欄位說明僅存於新北市統計年報）,572.0
101,,,,,,,欄位未定義,0.0,,社福,新北市政府主計處,身心障礙人數(101年以後),2012 |  新莊區,itemvalue21,是（欄位說明僅存於新北市統計年報）,899.0
101,,,,,,,欄位未定義,0.0,,社福,新北市政府主計處,身心障礙人數(101年以後),2012 |  新店區,itemvalue21,是（欄位說明僅存於新北市統計年報）,808.0
101,,,,,,,欄位未定義,0.0,,社福,新北市政府主計處,身心障礙人數(101年以後),2012 |  樹林區,itemvalue21,是（欄位說明僅存於新北市統計年報）,436.0
101,,,,,,,欄位未定義,0.0,,社福,新北市政府主計處,身心障礙人數(101年以後),2012 |  鶯歌區,itemvalue21,是（欄位說明僅存於新北市統計年報）,231.0
101,,,,,,,欄位未定義,0.0,,社福,新北市政府主計處,身心障礙人數(101年以後),2012 |  三峽區,itemvalue21,是（欄位說明僅存於新北市統計年報）,310.0
101,,,,,,,欄位未定義,0.0,,社福,新北市政府主計處,身心障礙人數(101年以後),2012 |  淡水區,itemvalue21,是（欄位說明僅存於新北市統計年報）,409.0
101,,,,,,,欄位未定義,0.0,,社福,新北市政府主計處,身心障礙人數(101年以後),2012 |  汐止區,itemvalue21,是（欄位說明僅存於新北市統計年報）,529.0
101,,,,,,,欄位未定義,0.0,,社福,新北市政府主計處,身心障礙人數(101年以後),2012 |  瑞芳區,itemvalue21,是（欄位說明僅存於新北市統計年報）,159.0
101,,,,,,,欄位未定義,0.0,,社福,新北市政府主計處,身心障礙人數(101年以後),2012 |  土城區,itemvalue21,是（欄位說明僅存於新北市統計年報）,575.0
101,,,,,,,欄位未定義,0.0,,社福,新北市政府主計處,身心障礙人數(101年以後),2012 |  蘆洲區,itemvalue21,是（欄位說明僅存於新北市統計年報）,469.0
101,,,,,,,欄位未定義,0.0,,社福,新北市政府主計處,身心障礙人數(101年以後),2012 |  五股區,itemvalue21,是（欄位說明僅存於新北市統計年報）,202.0
101,,,,,,,欄位未定義,0.0,,社福,新北市政府主計處,身心障礙人數(101年以後),2012 |  泰山區,itemvalue21,是（欄位說明僅存於新北市統計年報）,197.0
101,,,,,,,欄位未定義,0.0,,社福,新北市政府主計處,身心障礙人數(101年以後),2012 |  林口區,itemvalue21,是（欄位說明僅存於新北市統計年報）,193.0
101,,,,,,,欄位未定義,0.0,,社福,新北市政府主計處,身心障礙人數(101年以後),2012 |  深坑區,itemvalue21,是（欄位說明僅存於新北市統計年報）,60.0
101,,,,,,,欄位未定義,0.0,,社福,新北市政府主計處,身心障礙人數(101年以後),2012 |  石碇區,itemvalue21,是（欄位說明僅存於新北市統計年報）,55.0
101,,,,,,,欄位未定義,0.0,,社福,新北市政府主計處,身心障礙人數(101年以後),2012 |  坪林區,itemvalue21,是（欄位說明僅存於新北市統計年報）,32.0
101,,,,,,,欄位未定義,0.0,,社福,新北市政府主計處,身心障礙人數(101年以後),2012 |  三芝區,itemvalue21,是（欄位說明僅存於新北市統計年報）,72.0
101,,,,,,,欄位未定義,0.0,,社福,新北市政府主計處,身心障礙人數(101年以後),2012 |  石門區,itemvalue21,是（欄位說明僅存於新北市統計年報）,35.0
101,,,,,,,欄位未定義,0.0,,社福,新北市政府主計處,身心障礙人數(101年以後),2012 |  八里區,itemvalue21,是（欄位說明僅存於新北市統計年報）,101.0
101,,,,,,,欄位未定義,0.0,,社福,新北市政府主計處,身心障礙人數(101年以後),2012 |  平溪區,itemvalue21,是（欄位說明僅存於新北市統計年報）,38.0
101,,,,,,,欄位未定義,0.0,,社福,新北市政府主計處,身心障礙人數(101年以後),2012 |  雙溪區,itemvalue21,是（欄位說明僅存於新北市統計年報）,57.0
101,,,,,,,欄位未定義,0.0,,社福,新北市政府主計處,身心障礙人數(101年以後),2012 |  貢寮區,itemvalue21,是（欄位說明僅存於新北市統計年報）,48.0
101,,,,,,,欄位未定義,0.0,,社福,新北市政府主計處,身心障礙人數(101年以後),2012 |  金山區,itemvalue21,是（欄位說明僅存於新北市統計年報）,73.0
101,,,,,,,欄位未定義,0.0,,社福,新北市政府主計處,身心障礙人數(101年以後),2012 |  萬里區,itemvalue21,是（欄位說明僅存於新北市統計年報）,71.0
101,,,,,,,欄位未定義,0.0,,社福,新北市政府主計處,身心障礙人數(101年以後),2012 |  烏來區,itemvalue21,是（欄位說明僅存於新北市統計年報）,19.0
101,,,,,,,欄位未定義,0.0,,社福,新北市政府主計處,身心障礙人數(101年以後),2012 |  新北市,itemvalue22,是（欄位說明僅存於新北市統計年報）,7630.0
101,,,,,,,欄位未定義,0.0,,社福,新北市政府主計處,身心障礙人數(101年以後),2012 |  板橋區,itemvalue22,是（欄位說明僅存於新北市統計年報）,1044.0
101,,,,,,,欄位未定義,0.0,,社福,新北市政府主計處,身心障礙人數(101年以後),2012 |  三重區,itemvalue22,是（欄位說明僅存於新北市統計年報）,809.0
101,,,,,,,欄位未定義,0.0,,社福,新北市政府主計處,身心障礙人數(101年以後),2012 |  中和區,itemvalue22,是（欄位說明僅存於新北市統計年報）,853.0
101,,,,,,,欄位未定義,0.0,,社福,新北市政府主計處,身心障礙人數(101年以後),2012 |  永和區,itemvalue22,是（欄位說明僅存於新北市統計年報）,440.0
101,,,,,,,欄位未定義,0.0,,社福,新北市政府主計處,身心障礙人數(101年以後),2012 |  新莊區,itemvalue22,是（欄位說明僅存於新北市統計年報）,717.0
101,,,,,,,欄位未定義,0.0,,社福,新北市政府主計處,身心障礙人數(101年以後),2012 |  新店區,itemvalue22,是（欄位說明僅存於新北市統計年報）,596.0
101,,,,,,,欄位未定義,0.0,,社福,新北市政府主計處,身心障礙人數(101年以後),2012 |  樹林區,itemvalue22,是（欄位說明僅存於新北市統計年報）,316.0
101,,,,,,,欄位未定義,0.0,,社福,新北市政府主計處,身心障礙人數(101年以後),2012 |  鶯歌區,itemvalue22,是（欄位說明僅存於新北市統計年報）,164.0
101,,,,,,,欄位未定義,0.0,,社福,新北市政府主計處,身心障礙人數(101年以後),2012 |  三峽區,itemvalue22,是（欄位說明僅存於新北市統計年報）,198.0
101,,,,,,,欄位未定義,0.0,,社福,新北市政府主計處,身心障礙人數(101年以後),2012 |  淡水區,itemvalue22,是（欄位說明僅存於新北市統計年報）,247.0
101,,,,,,,欄位未定義,0.0,,社福,新北市政府主計處,身心障礙人數(101年以後),2012 |  汐止區,itemvalue22,是（欄位說明僅存於新北市統計年報）,345.0
101,,,,,,,欄位未定義,0.0,,社福,新北市政府主計處,身心障礙人數(101年以後),2012 |  瑞芳區,itemvalue22,是（欄位說明僅存於新北市統計年報）,149.0
101,,,,,,,欄位未定義,0.0,,社福,新北市政府主計處,身心障礙人數(101年以後),2012 |  土城區,itemvalue22,是（欄位說明僅存於新北市統計年報）,477.0
101,,,,,,,欄位未定義,0.0,,社福,新北市政府主計處,身心障礙人數(101年以後),2012 |  蘆洲區,itemvalue22,是（欄位說明僅存於新北市統計年報）,349.0
101,,,,,,,欄位未定義,0.0,,社福,新北市政府主計處,身心障礙人數(101年以後),2012 |  五股區,itemvalue22,是（欄位說明僅存於新北市統計年報）,167.0
101,,,,,,,欄位未定義,0.0,,社福,新北市政府主計處,身心障礙人數(101年以後),2012 |  泰山區,itemvalue22,是（欄位說明僅存於新北市統計年報）,148.0
101,,,,,,,欄位未定義,0.0,,社福,新北市政府主計處,身心障礙人數(101年以後),2012 |  林口區,itemvalue22,是（欄位說明僅存於新北市統計年報）,141.0
101,,,,,,,欄位未定義,0.0,,社福,新北市政府主計處,身心障礙人數(101年以後),2012 |  深坑區,itemvalue22,是（欄位說明僅存於新北市統計年報）,36.0
101,,,,,,,欄位未定義,0.0,,社福,新北市政府主計處,身心障礙人數(101年以後),2012 |  石碇區,itemvalue22,是（欄位說明僅存於新北市統計年報）,20.0
101,,,,,,,欄位未定義,0.0,,社福,新北市政府主計處,身心障礙人數(101年以後),2012 |  坪林區,itemvalue22,是（欄位說明僅存於新北市統計年報）,23.0
101,,,,,,,欄位未定義,0.0,,社福,新北市政府主計處,身心障礙人數(101年以後),2012 |  三芝區,itemvalue22,是（欄位說明僅存於新北市統計年報）,45.0
101,,,,,,,欄位未定義,0.0,,社福,新北市政府主計處,身心障礙人數(101年以後),2012 |  石門區,itemvalue22,是（欄位說明僅存於新北市統計年報）,32.0
101,,,,,,,欄位未定義,0.0,,社福,新北市政府主計處,身心障礙人數(101年以後),2012 |  八里區,itemvalue22,是（欄位說明僅存於新北市統計年報）,69.0
101,,,,,,,欄位未定義,0.0,,社福,新北市政府主計處,身心障礙人數(101年以後),2012 |  平溪區,itemvalue22,是（欄位說明僅存於新北市統計年報）,23.0
101,,,,,,,欄位未定義,0.0,,社福,新北市政府主計處,身心障礙人數(101年以後),2012 |  雙溪區,itemvalue22,是（欄位說明僅存於新北市統計年報）,42.0
101,,,,,,,欄位未定義,0.0,,社福,新北市政府主計處,身心障礙人數(101年以後),2012 |  貢寮區,itemvalue22,是（欄位說明僅存於新北市統計年報）,48.0
101,,,,,,,欄位未定義,0.0,,社福,新北市政府主計處,身心障礙人數(101年以後),2012 |  金山區,itemvalue22,是（欄位說明僅存於新北市統計年報）,50.0
101,,,,,,,欄位未定義,0.0,,社福,新北市政府主計處,身心障礙人數(101年以後),2012 |  萬里區,itemvalue22,是（欄位說明僅存於新北市統計年報）,70.0
101,,,,,,,欄位未定義,0.0,,社福,新北市政府主計處,身心障礙人數(101年以後),2012 |  烏來區,itemvalue22,是（欄位說明僅存於新北市統計年報）,12.0
101,,,,,,,欄位未定義,0.0,,社福,新北市政府主計處,身心障礙人數(101年以後),2012 |  新北市,itemvalue23,是（欄位說明僅存於新北市統計年報）,434.0
101,,,,,,,欄位未定義,0.0,,社福,新北市政府主計處,身心障礙人數(101年以後),2012 |  板橋區,itemvalue23,是（欄位說明僅存於新北市統計年報）,64.0
101,,,,,,,欄位未定義,0.0,,社福,新北市政府主計處,身心障礙人數(101年以後),2012 |  三重區,itemvalue23,是（欄位說明僅存於新北市統計年報）,56.0
101,,,,,,,欄位未定義,0.0,,社福,新北市政府主計處,身心障礙人數(101年以後),2012 |  中和區,itemvalue23,是（欄位說明僅存於新北市統計年報）,42.0
101,,,,,,,欄位未定義,0.0,,社福,新北市政府主計處,身心障礙人數(101年以後),2012 |  永和區,itemvalue23,是（欄位說明僅存於新北市統計年報）,22.0
101,,,,,,,欄位未定義,0.0,,社福,新北市政府主計處,身心障礙人數(101年以後),2012 |  新莊區,itemvalue23,是（欄位說明僅存於新北市統計年報）,55.0
101,,,,,,,欄位未定義,0.0,,社福,新北市政府主計處,身心障礙人數(101年以後),2012 |  新店區,itemvalue23,是（欄位說明僅存於新北市統計年報）,22.0
101,,,,,,,欄位未定義,0.0,,社福,新北市政府主計處,身心障礙人數(101年以後),2012 |  樹林區,itemvalue23,是（欄位說明僅存於新北市統計年報）,20.0
101,,,,,,,欄位未定義,0.0,,社福,新北市政府主計處,身心障礙人數(101年以後),2012 |  鶯歌區,itemvalue23,是（欄位說明僅存於新北市統計年報）,8.0
101,,,,,,,欄位未定義,0.0,,社福,新北市政府主計處,身心障礙人數(101年以後),2012 |  三峽區,itemvalue23,是（欄位說明僅存於新北市統計年報）,14.0
101,,,,,,,欄位未定義,0.0,,社福,新北市政府主計處,身心障礙人數(101年以後),2012 |  淡水區,itemvalue23,是（欄位說明僅存於新北市統計年報）,14.0
101,,,,,,,欄位未定義,0.0,,社福,新北市政府主計處,身心障礙人數(101年以後),2012 |  汐止區,itemvalue23,是（欄位說明僅存於新北市統計年報）,17.0
101,,,,,,,欄位未定義,0.0,,社福,新北市政府主計處,身心障礙人數(101年以後),2012 |  瑞芳區,itemvalue23,是（欄位說明僅存於新北市統計年報）,7.0
101,,,,,,,欄位未定義,0.0,,社福,新北市政府主計處,身心障礙人數(101年以後),2012 |  土城區,itemvalue23,是（欄位說明僅存於新北市統計年報）,27.0
101,,,,,,,欄位未定義,0.0,,社福,新北市政府主計處,身心障礙人數(101年以後),2012 |  蘆洲區,itemvalue23,是（欄位說明僅存於新北市統計年報）,33.0
101,,,,,,,欄位未定義,0.0,,社福,新北市政府主計處,身心障礙人數(101年以後),2012 |  五股區,itemvalue23,是（欄位說明僅存於新北市統計年報）,10.0
101,,,,,,,欄位未定義,0.0,,社福,新北市政府主計處,身心障礙人數(101年以後),2012 |  泰山區,itemvalue23,是（欄位說明僅存於新北市統計年報）,2.0
101,,,,,,,欄位未定義,0.0,,社福,新北市政府主計處,身心障礙人數(101年以後),2012 |  林口區,itemvalue23,是（欄位說明僅存於新北市統計年報）,8.0
101,,,,,,,欄位未定義,0.0,,社福,新北市政府主計處,身心障礙人數(101年以後),2012 |  深坑區,itemvalue23,是（欄位說明僅存於新北市統計年報）,3.0
101,,,,,,,欄位未定義,0.0,,社福,新北市政府主計處,身心障礙人數(101年以後),2012 |  石碇區,itemvalue23,是（欄位說明僅存於新北市統計年報）,1.0
101,,,,,,,欄位未定義,0.0,,社福,新北市政府主計處,身心障礙人數(101年以後),2012 |  坪林區,itemvalue23,是（欄位說明僅存於新北市統計年報）,0.0
101,,,,,,,欄位未定義,0.0,,社福,新北市政府主計處,身心障礙人數(101年以後),2012 |  三芝區,itemvalue23,是（欄位說明僅存於新北市統計年報）,2.0
101,,,,,,,欄位未定義,0.0,,社福,新北市政府主計處,身心障礙人數(101年以後),2012 |  石門區,itemvalue23,是（欄位說明僅存於新北市統計年報）,1.0
101,,,,,,,欄位未定義,0.0,,社福,新北市政府主計處,身心障礙人數(101年以後),2012 |  八里區,itemvalue23,是（欄位說明僅存於新北市統計年報）,2.0
101,,,,,,,欄位未定義,0.0,,社福,新北市政府主計處,身心障礙人數(101年以後),2012 |  平溪區,itemvalue23,是（欄位說明僅存於新北市統計年報）,0.0
101,,,,,,,欄位未定義,0.0,,社福,新北市政府主計處,身心障礙人數(101年以後),2012 |  雙溪區,itemvalue23,是（欄位說明僅存於新北市統計年報）,1.0
101,,,,,,,欄位未定義,0.0,,社福,新北市政府主計處,身心障礙人數(101年以後),2012 |  貢寮區,itemvalue23,是（欄位說明僅存於新北市統計年報）,0.0
101,,,,,,,欄位未定義,0.0,,社福,新北市政府主計處,身心障礙人數(101年以後),2012 |  金山區,itemvalue23,是（欄位說明僅存於新北市統計年報）,1.0
101,,,,,,,欄位未定義,0.0,,社福,新北市政府主計處,身心障礙人數(101年以後),2012 |  萬里區,itemvalue23,是（欄位說明僅存於新北市統計年報）,2.0
101,,,,,,,欄位未定義,0.0,,社福,新北市政府主計處,身心障礙人數(101年以後),2012 |  烏來區,itemvalue23,是（欄位說明僅存於新北市統計年報）,0.0
101,,,,,,,欄位未定義,0.0,,社福,新北市政府主計處,身心障礙人數(101年以後),2012 |  新北市,itemvalue24,是（欄位說明僅存於新北市統計年報）,222.0
101,,,,,,,欄位未定義,0.0,,社福,新北市政府主計處,身心障礙人數(101年以後),2012 |  板橋區,itemvalue24,是（欄位說明僅存於新北市統計年報）,31.0
101,,,,,,,欄位未定義,0.0,,社福,新北市政府主計處,身心障礙人數(101年以後),2012 |  三重區,itemvalue24,是（欄位說明僅存於新北市統計年報）,22.0
101,,,,,,,欄位未定義,0.0,,社福,新北市政府主計處,身心障礙人數(101年以後),2012 |  中和區,itemvalue24,是（欄位說明僅存於新北市統計年報）,25.0
101,,,,,,,欄位未定義,0.0,,社福,新北市政府主計處,身心障礙人數(101年以後),2012 |  永和區,itemvalue24,是（欄位說明僅存於新北市統計年報）,11.0
101,,,,,,,欄位未定義,0.0,,社福,新北市政府主計處,身心障礙人數(101年以後),2012 |  新莊區,itemvalue24,是（欄位說明僅存於新北市統計年報）,28.0
101,,,,,,,欄位未定義,0.0,,社福,新北市政府主計處,身心障礙人數(101年以後),2012 |  新店區,itemvalue24,是（欄位說明僅存於新北市統計年報）,18.0
101,,,,,,,欄位未定義,0.0,,社福,新北市政府主計處,身心障礙人數(101年以後),2012 |  樹林區,itemvalue24,是（欄位說明僅存於新北市統計年報）,12.0
101,,,,,,,欄位未定義,0.0,,社福,新北市政府主計處,身心障礙人數(101年以後),2012 |  鶯歌區,itemvalue24,是（欄位說明僅存於新北市統計年報）,4.0
101,,,,,,,欄位未定義,0.0,,社福,新北市政府主計處,身心障礙人數(101年以後),2012 |  三峽區,itemvalue24,是（欄位說明僅存於新北市統計年報）,4.0
101,,,,,,,欄位未定義,0.0,,社福,新北市政府主計處,身心障礙人數(101年以後),2012 |  淡水區,itemvalue24,是（欄位說明僅存於新北市統計年報）,4.0
101,,,,,,,欄位未定義,0.0,,社福,新北市政府主計處,身心障礙人數(101年以後),2012 |  汐止區,itemvalue24,是（欄位說明僅存於新北市統計年報）,15.0
101,,,,,,,欄位未定義,0.0,,社福,新北市政府主計處,身心障礙人數(101年以後),2012 |  瑞芳區,itemvalue24,是（欄位說明僅存於新北市統計年報）,4.0
101,,,,,,,欄位未定義,0.0,,社福,新北市政府主計處,身心障礙人數(101年以後),2012 |  土城區,itemvalue24,是（欄位說明僅存於新北市統計年報）,10.0
101,,,,,,,欄位未定義,0.0,,社福,新北市政府主計處,身心障礙人數(101年以後),2012 |  蘆洲區,itemvalue24,是（欄位說明僅存於新北市統計年報）,6.0
101,,,,,,,欄位未定義,0.0,,社福,新北市政府主計處,身心障礙人數(101年以後),2012 |  五股區,itemvalue24,是（欄位說明僅存於新北市統計年報）,4.0
101,,,,,,,欄位未定義,0.0,,社福,新北市政府主計處,身心障礙人數(101年以後),2012 |  泰山區,itemvalue24,是（欄位說明僅存於新北市統計年報）,5.0
101,,,,,,,欄位未定義,0.0,,社福,新北市政府主計處,身心障礙人數(101年以後),2012 |  林口區,itemvalue24,是（欄位說明僅存於新北市統計年報）,8.0
101,,,,,,,欄位未定義,0.0,,社福,新北市政府主計處,身心障礙人數(101年以後),2012 |  深坑區,itemvalue24,是（欄位說明僅存於新北市統計年報）,3.0
101,,,,,,,欄位未定義,0.0,,社福,新北市政府主計處,身心障礙人數(101年以後),2012 |  石碇區,itemvalue24,是（欄位說明僅存於新北市統計年報）,0.0
101,,,,,,,欄位未定義,0.0,,社福,新北市政府主計處,身心障礙人數(101年以後),2012 |  坪林區,itemvalue24,是（欄位說明僅存於新北市統計年報）,0.0
101,,,,,,,欄位未定義,0.0,,社福,新北市政府主計處,身心障礙人數(101年以後),2012 |  三芝區,itemvalue24,是（欄位說明僅存於新北市統計年報）,1.0
101,,,,,,,欄位未定義,0.0,,社福,新北市政府主計處,身心障礙人數(101年以後),2012 |  石門區,itemvalue24,是（欄位說明僅存於新北市統計年報）,0.0
101,,,,,,,欄位未定義,0.0,,社福,新北市政府主計處,身心障礙人數(101年以後),2012 |  八里區,itemvalue24,是（欄位說明僅存於新北市統計年報）,1.0
101,,,,,,,欄位未定義,0.0,,社福,新北市政府主計處,身心障礙人數(101年以後),2012 |  平溪區,itemvalue24,是（欄位說明僅存於新北市統計年報）,0.0
101,,,,,,,欄位未定義,0.0,,社福,新北市政府主計處,身心障礙人數(101年以後),2012 |  雙溪區,itemvalue24,是（欄位說明僅存於新北市統計年報）,1.0
101,,,,,,,欄位未定義,0.0,,社福,新北市政府主計處,身心障礙人數(101年以後),2012 |  貢寮區,itemvalue24,是（欄位說明僅存於新北市統計年報）,1.0
101,,,,,,,欄位未定義,0.0,,社福,新北市政府主計處,身心障礙人數(101年以後),2012 |  金山區,itemvalue24,是（欄位說明僅存於新北市統計年報）,2.0
101,,,,,,,欄位未定義,0.0,,社福,新北市政府主計處,身心障礙人數(101年以後),2012 |  萬里區,itemvalue24,是（欄位說明僅存於新北市統計年報）,2.0
101,,,,,,,欄位未定義,0.0,,社福,新北市政府主計處,身心障礙人數(101年以後),2012 |  烏來區,itemvalue24,是（欄位說明僅存於新北市統計年報）,0.0
101,,,,,,,欄位未定義,0.0,,社福,新北市政府主計處,身心障礙人數(101年以後),2012 |  新北市,itemvalue25,是（欄位說明僅存於新北市統計年報）,414.0
101,,,,,,,欄位未定義,0.0,,社福,新北市政府主計處,身心障礙人數(101年以後),2012 |  板橋區,itemvalue25,是（欄位說明僅存於新北市統計年報）,65.0
101,,,,,,,欄位未定義,0.0,,社福,新北市政府主計處,身心障礙人數(101年以後),2012 |  三重區,itemvalue25,是（欄位說明僅存於新北市統計年報）,60.0
101,,,,,,,欄位未定義,0.0,,社福,新北市政府主計處,身心障礙人數(101年以後),2012 |  中和區,itemvalue25,是（欄位說明僅存於新北市統計年報）,35.0
101,,,,,,,欄位未定義,0.0,,社福,新北市政府主計處,身心障礙人數(101年以後),2012 |  永和區,itemvalue25,是（欄位說明僅存於新北市統計年報）,14.0
101,,,,,,,欄位未定義,0.0,,社福,新北市政府主計處,身心障礙人數(101年以後),2012 |  新莊區,itemvalue25,是（欄位說明僅存於新北市統計年報）,31.0
101,,,,,,,欄位未定義,0.0,,社福,新北市政府主計處,身心障礙人數(101年以後),2012 |  新店區,itemvalue25,是（欄位說明僅存於新北市統計年報）,36.0
101,,,,,,,欄位未定義,0.0,,社福,新北市政府主計處,身心障礙人數(101年以後),2012 |  樹林區,itemvalue25,是（欄位說明僅存於新北市統計年報）,22.0
101,,,,,,,欄位未定義,0.0,,社福,新北市政府主計處,身心障礙人數(101年以後),2012 |  鶯歌區,itemvalue25,是（欄位說明僅存於新北市統計年報）,7.0
101,,,,,,,欄位未定義,0.0,,社福,新北市政府主計處,身心障礙人數(101年以後),2012 |  三峽區,itemvalue25,是（欄位說明僅存於新北市統計年報）,26.0
101,,,,,,,欄位未定義,0.0,,社福,新北市政府主計處,身心障礙人數(101年以後),2012 |  淡水區,itemvalue25,是（欄位說明僅存於新北市統計年報）,13.0
101,,,,,,,欄位未定義,0.0,,社福,新北市政府主計處,身心障礙人數(101年以後),2012 |  汐止區,itemvalue25,是（欄位說明僅存於新北市統計年報）,18.0
101,,,,,,,欄位未定義,0.0,,社福,新北市政府主計處,身心障礙人數(101年以後),2012 |  瑞芳區,itemvalue25,是（欄位說明僅存於新北市統計年報）,3.0
101,,,,,,,欄位未定義,0.0,,社福,新北市政府主計處,身心障礙人數(101年以後),2012 |  土城區,itemvalue25,是（欄位說明僅存於新北市統計年報）,20.0
101,,,,,,,欄位未定義,0.0,,社福,新北市政府主計處,身心障礙人數(101年以後),2012 |  蘆洲區,itemvalue25,是（欄位說明僅存於新北市統計年報）,13.0
101,,,,,,,欄位未定義,0.0,,社福,新北市政府主計處,身心障礙人數(101年以後),2012 |  五股區,itemvalue25,是（欄位說明僅存於新北市統計年報）,9.0
101,,,,,,,欄位未定義,0.0,,社福,新北市政府主計處,身心障礙人數(101年以後),2012 |  泰山區,itemvalue25,是（欄位說明僅存於新北市統計年報）,5.0
101,,,,,,,欄位未定義,0.0,,社福,新北市政府主計處,身心障礙人數(101年以後),2012 |  林口區,itemvalue25,是（欄位說明僅存於新北市統計年報）,4.0
101,,,,,,,欄位未定義,0.0,,社福,新北市政府主計處,身心障礙人數(101年以後),2012 |  深坑區,itemvalue25,是（欄位說明僅存於新北市統計年報）,5.0
101,,,,,,,欄位未定義,0.0,,社福,新北市政府主計處,身心障礙人數(101年以後),2012 |  石碇區,itemvalue25,是（欄位說明僅存於新北市統計年報）,2.0
101,,,,,,,欄位未定義,0.0,,社福,新北市政府主計處,身心障礙人數(101年以後),2012 |  坪林區,itemvalue25,是（欄位說明僅存於新北市統計年報）,1.0
101,,,,,,,欄位未定義,0.0,,社福,新北市政府主計處,身心障礙人數(101年以後),2012 |  三芝區,itemvalue25,是（欄位說明僅存於新北市統計年報）,6.0
101,,,,,,,欄位未定義,0.0,,社福,新北市政府主計處,身心障礙人數(101年以後),2012 |  石門區,itemvalue25,是（欄位說明僅存於新北市統計年報）,3.0
101,,,,,,,欄位未定義,0.0,,社福,新北市政府主計處,身心障礙人數(101年以後),2012 |  八里區,itemvalue25,是（欄位說明僅存於新北市統計年報）,6.0
101,,,,,,,欄位未定義,0.0,,社福,新北市政府主計處,身心障礙人數(101年以後),2012 |  平溪區,itemvalue25,是（欄位說明僅存於新北市統計年報）,2.0
101,,,,,,,欄位未定義,0.0,,社福,新北市政府主計處,身心障礙人數(101年以後),2012 |  雙溪區,itemvalue25,是（欄位說明僅存於新北市統計年報）,0.0
101,,,,,,,欄位未定義,0.0,,社福,新北市政府主計處,身心障礙人數(101年以後),2012 |  貢寮區,itemvalue25,是（欄位說明僅存於新北市統計年報）,2.0
101,,,,,,,欄位未定義,0.0,,社福,新北市政府主計處,身心障礙人數(101年以後),2012 |  金山區,itemvalue25,是（欄位說明僅存於新北市統計年報）,0.0
101,,,,,,,欄位未定義,0.0,,社福,新北市政府主計處,身心障礙人數(101年以後),2012 |  萬里區,itemvalue25,是（欄位說明僅存於新北市統計年報）,3.0
101,,,,,,,欄位未定義,0.0,,社福,新北市政府主計處,身心障礙人數(101年以後),2012 |  烏來區,itemvalue25,是（欄位說明僅存於新北市統計年報）,3.0
101,,,,,,,欄位未定義,0.0,,社福,新北市政府主計處,身心障礙人數(101年以後),2012 |  新北市,itemvalue26,是（欄位說明僅存於新北市統計年報）,299.0
101,,,,,,,欄位未定義,0.0,,社福,新北市政府主計處,身心障礙人數(101年以後),2012 |  板橋區,itemvalue26,是（欄位說明僅存於新北市統計年報）,55.0
101,,,,,,,欄位未定義,0.0,,社福,新北市政府主計處,身心障礙人數(101年以後),2012 |  三重區,itemvalue26,是（欄位說明僅存於新北市統計年報）,33.0
101,,,,,,,欄位未定義,0.0,,社福,新北市政府主計處,身心障礙人數(101年以後),2012 |  中和區,itemvalue26,是（欄位說明僅存於新北市統計年報）,32.0
101,,,,,,,欄位未定義,0.0,,社福,新北市政府主計處,身心障礙人數(101年以後),2012 |  永和區,itemvalue26,是（欄位說明僅存於新北市統計年報）,16.0
101,,,,,,,欄位未定義,0.0,,社福,新北市政府主計處,身心障礙人數(101年以後),2012 |  新莊區,itemvalue26,是（欄位說明僅存於新北市統計年報）,18.0
101,,,,,,,欄位未定義,0.0,,社福,新北市政府主計處,身心障礙人數(101年以後),2012 |  新店區,itemvalue26,是（欄位說明僅存於新北市統計年報）,23.0
101,,,,,,,欄位未定義,0.0,,社福,新北市政府主計處,身心障礙人數(101年以後),2012 |  樹林區,itemvalue26,是（欄位說明僅存於新北市統計年報）,13.0
101,,,,,,,欄位未定義,0.0,,社福,新北市政府主計處,身心障礙人數(101年以後),2012 |  鶯歌區,itemvalue26,是（欄位說明僅存於新北市統計年報）,5.0
101,,,,,,,欄位未定義,0.0,,社福,新北市政府主計處,身心障礙人數(101年以後),2012 |  三峽區,itemvalue26,是（欄位說明僅存於新北市統計年報）,11.0
101,,,,,,,欄位未定義,0.0,,社福,新北市政府主計處,身心障礙人數(101年以後),2012 |  淡水區,itemvalue26,是（欄位說明僅存於新北市統計年報）,9.0
101,,,,,,,欄位未定義,0.0,,社福,新北市政府主計處,身心障礙人數(101年以後),2012 |  汐止區,itemvalue26,是（欄位說明僅存於新北市統計年報）,15.0
101,,,,,,,欄位未定義,0.0,,社福,新北市政府主計處,身心障礙人數(101年以後),2012 |  瑞芳區,itemvalue26,是（欄位說明僅存於新北市統計年報）,5.0
101,,,,,,,欄位未定義,0.0,,社福,新北市政府主計處,身心障礙人數(101年以後),2012 |  土城區,itemvalue26,是（欄位說明僅存於新北市統計年報）,25.0
101,,,,,,,欄位未定義,0.0,,社福,新北市政府主計處,身心障礙人數(101年以後),2012 |  蘆洲區,itemvalue26,是（欄位說明僅存於新北市統計年報）,12.0
101,,,,,,,欄位未定義,0.0,,社福,新北市政府主計處,身心障礙人數(101年以後),2012 |  五股區,itemvalue26,是（欄位說明僅存於新北市統計年報）,9.0
101,,,,,,,欄位未定義,0.0,,社福,新北市政府主計處,身心障礙人數(101年以後),2012 |  泰山區,itemvalue26,是（欄位說明僅存於新北市統計年報）,3.0
101,,,,,,,欄位未定義,0.0,,社福,新北市政府主計處,身心障礙人數(101年以後),2012 |  林口區,itemvalue26,是（欄位說明僅存於新北市統計年報）,3.0
101,,,,,,,欄位未定義,0.0,,社福,新北市政府主計處,身心障礙人數(101年以後),2012 |  深坑區,itemvalue26,是（欄位說明僅存於新北市統計年報）,2.0
101,,,,,,,欄位未定義,0.0,,社福,新北市政府主計處,身心障礙人數(101年以後),2012 |  石碇區,itemvalue26,是（欄位說明僅存於新北市統計年報）,1.0
101,,,,,,,欄位未定義,0.0,,社福,新北市政府主計處,身心障礙人數(101年以後),2012 |  坪林區,itemvalue26,是（欄位說明僅存於新北市統計年報）,1.0
101,,,,,,,欄位未定義,0.0,,社福,新北市政府主計處,身心障礙人數(101年以後),2012 |  三芝區,itemvalue26,是（欄位說明僅存於新北市統計年報）,1.0
101,,,,,,,欄位未定義,0.0,,社福,新北市政府主計處,身心障礙人數(101年以後),2012 |  石門區,itemvalue26,是（欄位說明僅存於新北市統計年報）,0.0
101,,,,,,,欄位未定義,0.0,,社福,新北市政府主計處,身心障礙人數(101年以後),2012 |  八里區,itemvalue26,是（欄位說明僅存於新北市統計年報）,3.0
101,,,,,,,欄位未定義,0.0,,社福,新北市政府主計處,身心障礙人數(101年以後),2012 |  平溪區,itemvalue26,是（欄位說明僅存於新北市統計年報）,0.0
101,,,,,,,欄位未定義,0.0,,社福,新北市政府主計處,身心障礙人數(101年以後),2012 |  雙溪區,itemvalue26,是（欄位說明僅存於新北市統計年報）,1.0
101,,,,,,,欄位未定義,0.0,,社福,新北市政府主計處,身心障礙人數(101年以後),2012 |  貢寮區,itemvalue26,是（欄位說明僅存於新北市統計年報）,0.0
101,,,,,,,欄位未定義,0.0,,社福,新北市政府主計處,身心障礙人數(101年以後),2012 |  金山區,itemvalue26,是（欄位說明僅存於新北市統計年報）,2.0
101,,,,,,,欄位未定義,0.0,,社福,新北市政府主計處,身心障礙人數(101年以後),2012 |  萬里區,itemvalue26,是（欄位說明僅存於新北市統計年報）,1.0
101,,,,,,,欄位未定義,0.0,,社福,新北市政府主計處,身心障礙人數(101年以後),2012 |  烏來區,itemvalue26,是（欄位說明僅存於新北市統計年報）,0.0
101,,,,,,,欄位未定義,0.0,,社福,新北市政府主計處,身心障礙人數(101年以後),2012 |  新北市,itemvalue27,是（欄位說明僅存於新北市統計年報）,1651.0
101,,,,,,,欄位未定義,0.0,,社福,新北市政府主計處,身心障礙人數(101年以後),2012 |  板橋區,itemvalue27,是（欄位說明僅存於新北市統計年報）,190.0
101,,,,,,,欄位未定義,0.0,,社福,新北市政府主計處,身心障礙人數(101年以後),2012 |  三重區,itemvalue27,是（欄位說明僅存於新北市統計年報）,168.0
101,,,,,,,欄位未定義,0.0,,社福,新北市政府主計處,身心障礙人數(101年以後),2012 |  中和區,itemvalue27,是（欄位說明僅存於新北市統計年報）,213.0
101,,,,,,,欄位未定義,0.0,,社福,新北市政府主計處,身心障礙人數(101年以後),2012 |  永和區,itemvalue27,是（欄位說明僅存於新北市統計年報）,128.0
101,,,,,,,欄位未定義,0.0,,社福,新北市政府主計處,身心障礙人數(101年以後),2012 |  新莊區,itemvalue27,是（欄位說明僅存於新北市統計年報）,117.0
101,,,,,,,欄位未定義,0.0,,社福,新北市政府主計處,身心障礙人數(101年以後),2012 |  新店區,itemvalue27,是（欄位說明僅存於新北市統計年報）,186.0
101,,,,,,,欄位未定義,0.0,,社福,新北市政府主計處,身心障礙人數(101年以後),2012 |  樹林區,itemvalue27,是（欄位說明僅存於新北市統計年報）,43.0
101,,,,,,,欄位未定義,0.0,,社福,新北市政府主計處,身心障礙人數(101年以後),2012 |  鶯歌區,itemvalue27,是（欄位說明僅存於新北市統計年報）,42.0
101,,,,,,,欄位未定義,0.0,,社福,新北市政府主計處,身心障礙人數(101年以後),2012 |  三峽區,itemvalue27,是（欄位說明僅存於新北市統計年報）,67.0
101,,,,,,,欄位未定義,0.0,,社福,新北市政府主計處,身心障礙人數(101年以後),2012 |  淡水區,itemvalue27,是（欄位說明僅存於新北市統計年報）,70.0
101,,,,,,,欄位未定義,0.0,,社福,新北市政府主計處,身心障礙人數(101年以後),2012 |  汐止區,itemvalue27,是（欄位說明僅存於新北市統計年報）,77.0
101,,,,,,,欄位未定義,0.0,,社福,新北市政府主計處,身心障礙人數(101年以後),2012 |  瑞芳區,itemvalue27,是（欄位說明僅存於新北市統計年報）,25.0
101,,,,,,,欄位未定義,0.0,,社福,新北市政府主計處,身心障礙人數(101年以後),2012 |  土城區,itemvalue27,是（欄位說明僅存於新北市統計年報）,66.0
101,,,,,,,欄位未定義,0.0,,社福,新北市政府主計處,身心障礙人數(101年以後),2012 |  蘆洲區,itemvalue27,是（欄位說明僅存於新北市統計年報）,55.0
101,,,,,,,欄位未定義,0.0,,社福,新北市政府主計處,身心障礙人數(101年以後),2012 |  五股區,itemvalue27,是（欄位說明僅存於新北市統計年報）,34.0
101,,,,,,,欄位未定義,0.0,,社福,新北市政府主計處,身心障礙人數(101年以後),2012 |  泰山區,itemvalue27,是（欄位說明僅存於新北市統計年報）,32.0
101,,,,,,,欄位未定義,0.0,,社福,新北市政府主計處,身心障礙人數(101年以後),2012 |  林口區,itemvalue27,是（欄位說明僅存於新北市統計年報）,39.0
101,,,,,,,欄位未定義,0.0,,社福,新北市政府主計處,身心障礙人數(101年以後),2012 |  深坑區,itemvalue27,是（欄位說明僅存於新北市統計年報）,11.0
101,,,,,,,欄位未定義,0.0,,社福,新北市政府主計處,身心障礙人數(101年以後),2012 |  石碇區,itemvalue27,是（欄位說明僅存於新北市統計年報）,6.0
101,,,,,,,欄位未定義,0.0,,社福,新北市政府主計處,身心障礙人數(101年以後),2012 |  坪林區,itemvalue27,是（欄位說明僅存於新北市統計年報）,7.0
101,,,,,,,欄位未定義,0.0,,社福,新北市政府主計處,身心障礙人數(101年以後),2012 |  三芝區,itemvalue27,是（欄位說明僅存於新北市統計年報）,7.0
101,,,,,,,欄位未定義,0.0,,社福,新北市政府主計處,身心障礙人數(101年以後),2012 |  石門區,itemvalue27,是（欄位說明僅存於新北市統計年報）,8.0
101,,,,,,,欄位未定義,0.0,,社福,新北市政府主計處,身心障礙人數(101年以後),2012 |  八里區,itemvalue27,是（欄位說明僅存於新北市統計年報）,16.0
101,,,,,,,欄位未定義,0.0,,社福,新北市政府主計處,身心障礙人數(101年以後),2012 |  平溪區,itemvalue27,是（欄位說明僅存於新北市統計年報）,4.0
101,,,,,,,欄位未定義,0.0,,社福,新北市政府主計處,身心障礙人數(101年以後),2012 |  雙溪區,itemvalue27,是（欄位說明僅存於新北市統計年報）,3.0
101,,,,,,,欄位未定義,0.0,,社福,新北市政府主計處,身心障礙人數(101年以後),2012 |  貢寮區,itemvalue27,是（欄位說明僅存於新北市統計年報）,7.0
101,,,,,,,欄位未定義,0.0,,社福,新北市政府主計處,身心障礙人數(101年以後),2012 |  金山區,itemvalue27,是（欄位說明僅存於新北市統計年報）,13.0
101,,,,,,,欄位未定義,0.0,,社福,新北市政府主計處,身心障礙人數(101年以後),2012 |  萬里區,itemvalue27,是（欄位說明僅存於新北市統計年報）,11.0
101,,,,,,,欄位未定義,0.0,,社福,新北市政府主計處,身心障礙人數(101年以後),2012 |  烏來區,itemvalue27,是（欄位說明僅存於新北市統計年報）,6.0
101,,,,,,,欄位未定義,0.0,,社福,新北市政府主計處,身心障礙人數(101年以後),2012 |  新北市,itemvalue28,是（欄位說明僅存於新北市統計年報）,2397.0
101,,,,,,,欄位未定義,0.0,,社福,新北市政府主計處,身心障礙人數(101年以後),2012 |  板橋區,itemvalue28,是（欄位說明僅存於新北市統計年報）,254.0
101,,,,,,,欄位未定義,0.0,,社福,新北市政府主計處,身心障礙人數(101年以後),2012 |  三重區,itemvalue28,是（欄位說明僅存於新北市統計年報）,207.0
101,,,,,,,欄位未定義,0.0,,社福,新北市政府主計處,身心障礙人數(101年以後),2012 |  中和區,itemvalue28,是（欄位說明僅存於新北市統計年報）,269.0
101,,,,,,,欄位未定義,0.0,,社福,新北市政府主計處,身心障礙人數(101年以後),2012 |  永和區,itemvalue28,是（欄位說明僅存於新北市統計年報）,238.0
101,,,,,,,欄位未定義,0.0,,社福,新北市政府主計處,身心障礙人數(101年以後),2012 |  新莊區,itemvalue28,是（欄位說明僅存於新北市統計年報）,150.0
101,,,,,,,欄位未定義,0.0,,社福,新北市政府主計處,身心障礙人數(101年以後),2012 |  新店區,itemvalue28,是（欄位說明僅存於新北市統計年報）,288.0
101,,,,,,,欄位未定義,0.0,,社福,新北市政府主計處,身心障礙人數(101年以後),2012 |  樹林區,itemvalue28,是（欄位說明僅存於新北市統計年報）,81.0
101,,,,,,,欄位未定義,0.0,,社福,新北市政府主計處,身心障礙人數(101年以後),2012 |  鶯歌區,itemvalue28,是（欄位說明僅存於新北市統計年報）,56.0
101,,,,,,,欄位未定義,0.0,,社福,新北市政府主計處,身心障礙人數(101年以後),2012 |  三峽區,itemvalue28,是（欄位說明僅存於新北市統計年報）,77.0
101,,,,,,,欄位未定義,0.0,,社福,新北市政府主計處,身心障礙人數(101年以後),2012 |  淡水區,itemvalue28,是（欄位說明僅存於新北市統計年報）,94.0
101,,,,,,,欄位未定義,0.0,,社福,新北市政府主計處,身心障礙人數(101年以後),2012 |  汐止區,itemvalue28,是（欄位說明僅存於新北市統計年報）,141.0
101,,,,,,,欄位未定義,0.0,,社福,新北市政府主計處,身心障礙人數(101年以後),2012 |  瑞芳區,itemvalue28,是（欄位說明僅存於新北市統計年報）,43.0
101,,,,,,,欄位未定義,0.0,,社福,新北市政府主計處,身心障礙人數(101年以後),2012 |  土城區,itemvalue28,是（欄位說明僅存於新北市統計年報）,110.0
101,,,,,,,欄位未定義,0.0,,社福,新北市政府主計處,身心障礙人數(101年以後),2012 |  蘆洲區,itemvalue28,是（欄位說明僅存於新北市統計年報）,102.0
101,,,,,,,欄位未定義,0.0,,社福,新北市政府主計處,身心障礙人數(101年以後),2012 |  五股區,itemvalue28,是（欄位說明僅存於新北市統計年報）,46.0
101,,,,,,,欄位未定義,0.0,,社福,新北市政府主計處,身心障礙人數(101年以後),2012 |  泰山區,itemvalue28,是（欄位說明僅存於新北市統計年報）,42.0
101,,,,,,,欄位未定義,0.0,,社福,新北市政府主計處,身心障礙人數(101年以後),2012 |  林口區,itemvalue28,是（欄位說明僅存於新北市統計年報）,47.0
101,,,,,,,欄位未定義,0.0,,社福,新北市政府主計處,身心障礙人數(101年以後),2012 |  深坑區,itemvalue28,是（欄位說明僅存於新北市統計年報）,14.0
101,,,,,,,欄位未定義,0.0,,社福,新北市政府主計處,身心障礙人數(101年以後),2012 |  石碇區,itemvalue28,是（欄位說明僅存於新北市統計年報）,14.0
101,,,,,,,欄位未定義,0.0,,社福,新北市政府主計處,身心障礙人數(101年以後),2012 |  坪林區,itemvalue28,是（欄位說明僅存於新北市統計年報）,7.0
101,,,,,,,欄位未定義,0.0,,社福,新北市政府主計處,身心障礙人數(101年以後),2012 |  三芝區,itemvalue28,是（欄位說明僅存於新北市統計年報）,19.0
101,,,,,,,欄位未定義,0.0,,社福,新北市政府主計處,身心障礙人數(101年以後),2012 |  石門區,itemvalue28,是（欄位說明僅存於新北市統計年報）,9.0
101,,,,,,,欄位未定義,0.0,,社福,新北市政府主計處,身心障礙人數(101年以後),2012 |  八里區,itemvalue28,是（欄位說明僅存於新北市統計年報）,22.0
101,,,,,,,欄位未定義,0.0,,社福,新北市政府主計處,身心障礙人數(101年以後),2012 |  平溪區,itemvalue28,是（欄位說明僅存於新北市統計年報）,5.0
101,,,,,,,欄位未定義,0.0,,社福,新北市政府主計處,身心障礙人數(101年以後),2012 |  雙溪區,itemvalue28,是（欄位說明僅存於新北市統計年報）,11.0
101,,,,,,,欄位未定義,0.0,,社福,新北市政府主計處,身心障礙人數(101年以後),2012 |  貢寮區,itemvalue28,是（欄位說明僅存於新北市統計年報）,19.0
101,,,,,,,欄位未定義,0.0,,社福,新北市政府主計處,身心障礙人數(101年以後),2012 |  金山區,itemvalue28,是（欄位說明僅存於新北市統計年報）,13.0
101,,,,,,,欄位未定義,0.0,,社福,新北市政府主計處,身心障礙人數(101年以後),2012 |  萬里區,itemvalue28,是（欄位說明僅存於新北市統計年報）,17.0
101,,,,,,,欄位未定義,0.0,,社福,新北市政府主計處,身心障礙人數(101年以後),2012 |  烏來區,itemvalue28,是（欄位說明僅存於新北市統計年報）,2.0
101,,,,,,,欄位未定義,0.0,,社福,新北市政府主計處,身心障礙人數(101年以後),2012 |  新北市,itemvalue29,是（欄位說明僅存於新北市統計年報）,1902.0
101,,,,,,,欄位未定義,0.0,,社福,新北市政府主計處,身心障礙人數(101年以後),2012 |  板橋區,itemvalue29,是（欄位說明僅存於新北市統計年報）,272.0
101,,,,,,,欄位未定義,0.0,,社福,新北市政府主計處,身心障礙人數(101年以後),2012 |  三重區,itemvalue29,是（欄位說明僅存於新北市統計年報）,154.0
101,,,,,,,欄位未定義,0.0,,社福,新北市政府主計處,身心障礙人數(101年以後),2012 |  中和區,itemvalue29,是（欄位說明僅存於新北市統計年報）,210.0
101,,,,,,,欄位未定義,0.0,,社福,新北市政府主計處,身心障礙人數(101年以後),2012 |  永和區,itemvalue29,是（欄位說明僅存於新北市統計年報）,153.0
101,,,,,,,欄位未定義,0.0,,社福,新北市政府主計處,身心障礙人數(101年以後),2012 |  新莊區,itemvalue29,是（欄位說明僅存於新北市統計年報）,203.0
101,,,,,,,欄位未定義,0.0,,社福,新北市政府主計處,身心障礙人數(101年以後),2012 |  新店區,itemvalue29,是（欄位說明僅存於新北市統計年報）,176.0
101,,,,,,,欄位未定義,0.0,,社福,新北市政府主計處,身心障礙人數(101年以後),2012 |  樹林區,itemvalue29,是（欄位說明僅存於新北市統計年報）,88.0
101,,,,,,,欄位未定義,0.0,,社福,新北市政府主計處,身心障礙人數(101年以後),2012 |  鶯歌區,itemvalue29,是（欄位說明僅存於新北市統計年報）,31.0
101,,,,,,,欄位未定義,0.0,,社福,新北市政府主計處,身心障礙人數(101年以後),2012 |  三峽區,itemvalue29,是（欄位說明僅存於新北市統計年報）,73.0
101,,,,,,,欄位未定義,0.0,,社福,新北市政府主計處,身心障礙人數(101年以後),2012 |  淡水區,itemvalue29,是（欄位說明僅存於新北市統計年報）,74.0
101,,,,,,,欄位未定義,0.0,,社福,新北市政府主計處,身心障礙人數(101年以後),2012 |  汐止區,itemvalue29,是（欄位說明僅存於新北市統計年報）,85.0
101,,,,,,,欄位未定義,0.0,,社福,新北市政府主計處,身心障礙人數(101年以後),2012 |  瑞芳區,itemvalue29,是（欄位說明僅存於新北市統計年報）,8.0
101,,,,,,,欄位未定義,0.0,,社福,新北市政府主計處,身心障礙人數(101年以後),2012 |  土城區,itemvalue29,是（欄位說明僅存於新北市統計年報）,105.0
101,,,,,,,欄位未定義,0.0,,社福,新北市政府主計處,身心障礙人數(101年以後),2012 |  蘆洲區,itemvalue29,是（欄位說明僅存於新北市統計年報）,87.0
101,,,,,,,欄位未定義,0.0,,社福,新北市政府主計處,身心障礙人數(101年以後),2012 |  五股區,itemvalue29,是（欄位說明僅存於新北市統計年報）,38.0
101,,,,,,,欄位未定義,0.0,,社福,新北市政府主計處,身心障礙人數(101年以後),2012 |  泰山區,itemvalue29,是（欄位說明僅存於新北市統計年報）,44.0
101,,,,,,,欄位未定義,0.0,,社福,新北市政府主計處,身心障礙人數(101年以後),2012 |  林口區,itemvalue29,是（欄位說明僅存於新北市統計年報）,50.0
101,,,,,,,欄位未定義,0.0,,社福,新北市政府主計處,身心障礙人數(101年以後),2012 |  深坑區,itemvalue29,是（欄位說明僅存於新北市統計年報）,13.0
101,,,,,,,欄位未定義,0.0,,社福,新北市政府主計處,身心障礙人數(101年以後),2012 |  石碇區,itemvalue29,是（欄位說明僅存於新北市統計年報）,3.0
101,,,,,,,欄位未定義,0.0,,社福,新北市政府主計處,身心障礙人數(101年以後),2012 |  坪林區,itemvalue29,是（欄位說明僅存於新北市統計年報）,2.0
101,,,,,,,欄位未定義,0.0,,社福,新北市政府主計處,身心障礙人數(101年以後),2012 |  三芝區,itemvalue29,是（欄位說明僅存於新北市統計年報）,5.0
101,,,,,,,欄位未定義,0.0,,社福,新北市政府主計處,身心障礙人數(101年以後),2012 |  石門區,itemvalue29,是（欄位說明僅存於新北市統計年報）,1.0
101,,,,,,,欄位未定義,0.0,,社福,新北市政府主計處,身心障礙人數(101年以後),2012 |  八里區,itemvalue29,是（欄位說明僅存於新北市統計年報）,7.0
101,,,,,,,欄位未定義,0.0,,社福,新北市政府主計處,身心障礙人數(101年以後),2012 |  平溪區,itemvalue29,是（欄位說明僅存於新北市統計年報）,1.0
101,,,,,,,欄位未定義,0.0,,社福,新北市政府主計處,身心障礙人數(101年以後),2012 |  雙溪區,itemvalue29,是（欄位說明僅存於新北市統計年報）,0.0
101,,,,,,,欄位未定義,0.0,,社福,新北市政府主計處,身心障礙人數(101年以後),2012 |  貢寮區,itemvalue29,是（欄位說明僅存於新北市統計年報）,2.0
101,,,,,,,欄位未定義,0.0,,社福,新北市政府主計處,身心障礙人數(101年以後),2012 |  金山區,itemvalue29,是（欄位說明僅存於新北市統計年報）,5.0
101,,,,,,,欄位未定義,0.0,,社福,新北市政府主計處,身心障礙人數(101年以後),2012 |  萬里區,itemvalue29,是（欄位說明僅存於新北市統計年報）,11.0
101,,,,,,,欄位未定義,0.0,,社福,新北市政府主計處,身心障礙人數(101年以後),2012 |  烏來區,itemvalue29,是（欄位說明僅存於新北市統計年報）,1.0
101,,,,,,,欄位未定義,0.0,,社福,新北市政府主計處,身心障礙人數(101年以後),2012 |  新北市,itemvalue30,是（欄位說明僅存於新北市統計年報）,301.0
101,,,,,,,欄位未定義,0.0,,社福,新北市政府主計處,身心障礙人數(101年以後),2012 |  板橋區,itemvalue30,是（欄位說明僅存於新北市統計年報）,54.0
101,,,,,,,欄位未定義,0.0,,社福,新北市政府主計處,身心障礙人數(101年以後),2012 |  三重區,itemvalue30,是（欄位說明僅存於新北市統計年報）,22.0
101,,,,,,,欄位未定義,0.0,,社福,新北市政府主計處,身心障礙人數(101年以後),2012 |  中和區,itemvalue30,是（欄位說明僅存於新北市統計年報）,44.0
101,,,,,,,欄位未定義,0.0,,社福,新北市政府主計處,身心障礙人數(101年以後),2012 |  永和區,itemvalue30,是（欄位說明僅存於新北市統計年報）,35.0
101,,,,,,,欄位未定義,0.0,,社福,新北市政府主計處,身心障礙人數(101年以後),2012 |  新莊區,itemvalue30,是（欄位說明僅存於新北市統計年報）,22.0
101,,,,,,,欄位未定義,0.0,,社福,新北市政府主計處,身心障礙人數(101年以後),2012 |  新店區,itemvalue30,是（欄位說明僅存於新北市統計年報）,23.0
101,,,,,,,欄位未定義,0.0,,社福,新北市政府主計處,身心障礙人數(101年以後),2012 |  樹林區,itemvalue30,是（欄位說明僅存於新北市統計年報）,12.0
101,,,,,,,欄位未定義,0.0,,社福,新北市政府主計處,身心障礙人數(101年以後),2012 |  鶯歌區,itemvalue30,是（欄位說明僅存於新北市統計年報）,3.0
101,,,,,,,欄位未定義,0.0,,社福,新北市政府主計處,身心障礙人數(101年以後),2012 |  三峽區,itemvalue30,是（欄位說明僅存於新北市統計年報）,7.0
101,,,,,,,欄位未定義,0.0,,社福,新北市政府主計處,身心障礙人數(101年以後),2012 |  淡水區,itemvalue30,是（欄位說明僅存於新北市統計年報）,12.0
101,,,,,,,欄位未定義,0.0,,社福,新北市政府主計處,身心障礙人數(101年以後),2012 |  汐止區,itemvalue30,是（欄位說明僅存於新北市統計年報）,13.0
101,,,,,,,欄位未定義,0.0,,社福,新北市政府主計處,身心障礙人數(101年以後),2012 |  瑞芳區,itemvalue30,是（欄位說明僅存於新北市統計年報）,4.0
101,,,,,,,欄位未定義,0.0,,社福,新北市政府主計處,身心障礙人數(101年以後),2012 |  土城區,itemvalue30,是（欄位說明僅存於新北市統計年報）,12.0
101,,,,,,,欄位未定義,0.0,,社福,新北市政府主計處,身心障礙人數(101年以後),2012 |  蘆洲區,itemvalue30,是（欄位說明僅存於新北市統計年報）,17.0
101,,,,,,,欄位未定義,0.0,,社福,新北市政府主計處,身心障礙人數(101年以後),2012 |  五股區,itemvalue30,是（欄位說明僅存於新北市統計年報）,2.0
101,,,,,,,欄位未定義,0.0,,社福,新北市政府主計處,身心障礙人數(101年以後),2012 |  泰山區,itemvalue30,是（欄位說明僅存於新北市統計年報）,6.0
101,,,,,,,欄位未定義,0.0,,社福,新北市政府主計處,身心障礙人數(101年以後),2012 |  林口區,itemvalue30,是（欄位說明僅存於新北市統計年報）,8.0
101,,,,,,,欄位未定義,0.0,,社福,新北市政府主計處,身心障礙人數(101年以後),2012 |  深坑區,itemvalue30,是（欄位說明僅存於新北市統計年報）,1.0
101,,,,,,,欄位未定義,0.0,,社福,新北市政府主計處,身心障礙人數(101年以後),2012 |  石碇區,itemvalue30,是（欄位說明僅存於新北市統計年報）,0.0
101,,,,,,,欄位未定義,0.0,,社福,新北市政府主計處,身心障礙人數(101年以後),2012 |  坪林區,itemvalue30,是（欄位說明僅存於新北市統計年報）,0.0
101,,,,,,,欄位未定義,0.0,,社福,新北市政府主計處,身心障礙人數(101年以後),2012 |  三芝區,itemvalue30,是（欄位說明僅存於新北市統計年報）,0.0
101,,,,,,,欄位未定義,0.0,,社福,新北市政府主計處,身心障礙人數(101年以後),2012 |  石門區,itemvalue30,是（欄位說明僅存於新北市統計年報）,0.0
101,,,,,,,欄位未定義,0.0,,社福,新北市政府主計處,身心障礙人數(101年以後),2012 |  八里區,itemvalue30,是（欄位說明僅存於新北市統計年報）,2.0
101,,,,,,,欄位未定義,0.0,,社福,新北市政府主計處,身心障礙人數(101年以後),2012 |  平溪區,itemvalue30,是（欄位說明僅存於新北市統計年報）,0.0
101,,,,,,,欄位未定義,0.0,,社福,新北市政府主計處,身心障礙人數(101年以後),2012 |  雙溪區,itemvalue30,是（欄位說明僅存於新北市統計年報）,1.0
101,,,,,,,欄位未定義,0.0,,社福,新北市政府主計處,身心障礙人數(101年以後),2012 |  貢寮區,itemvalue30,是（欄位說明僅存於新北市統計年報）,0.0
101,,,,,,,欄位未定義,0.0,,社福,新北市政府主計處,身心障礙人數(101年以後),2012 |  金山區,itemvalue30,是（欄位說明僅存於新北市統計年報）,0.0
101,,,,,,,欄位未定義,0.0,,社福,新北市政府主計處,身心障礙人數(101年以後),2012 |  萬里區,itemvalue30,是（欄位說明僅存於新北市統計年報）,1.0
101,,,,,,,欄位未定義,0.0,,社福,新北市政府主計處,身心障礙人數(101年以後),2012 |  烏來區,itemvalue30,是（欄位說明僅存於新北市統計年報）,0.0
101,,,,,,,欄位未定義,0.0,,社福,新北市政府主計處,身心障礙人數(101年以後),2012 |  新北市,itemvalue31,是（欄位說明僅存於新北市統計年報）,6432.0
101,,,,,,,欄位未定義,0.0,,社福,新北市政府主計處,身心障礙人數(101年以後),2012 |  板橋區,itemvalue31,是（欄位說明僅存於新北市統計年報）,871.0
101,,,,,,,欄位未定義,0.0,,社福,新北市政府主計處,身心障礙人數(101年以後),2012 |  三重區,itemvalue31,是（欄位說明僅存於新北市統計年報）,714.0
101,,,,,,,欄位未定義,0.0,,社福,新北市政府主計處,身心障礙人數(101年以後),2012 |  中和區,itemvalue31,是（欄位說明僅存於新北市統計年報）,746.0
101,,,,,,,欄位未定義,0.0,,社福,新北市政府主計處,身心障礙人數(101年以後),2012 |  永和區,itemvalue31,是（欄位說明僅存於新北市統計年報）,405.0
101,,,,,,,欄位未定義,0.0,,社福,新北市政府主計處,身心障礙人數(101年以後),2012 |  新莊區,itemvalue31,是（欄位說明僅存於新北市統計年報）,532.0
101,,,,,,,欄位未定義,0.0,,社福,新北市政府主計處,身心障礙人數(101年以後),2012 |  新店區,itemvalue31,是（欄位說明僅存於新北市統計年報）,543.0
101,,,,,,,欄位未定義,0.0,,社福,新北市政府主計處,身心障礙人數(101年以後),2012 |  樹林區,itemvalue31,是（欄位說明僅存於新北市統計年報）,231.0
101,,,,,,,欄位未定義,0.0,,社福,新北市政府主計處,身心障礙人數(101年以後),2012 |  鶯歌區,itemvalue31,是（欄位說明僅存於新北市統計年報）,156.0
101,,,,,,,欄位未定義,0.0,,社福,新北市政府主計處,身心障礙人數(101年以後),2012 |  三峽區,itemvalue31,是（欄位說明僅存於新北市統計年報）,160.0
101,,,,,,,欄位未定義,0.0,,社福,新北市政府主計處,身心障礙人數(101年以後),2012 |  淡水區,itemvalue31,是（欄位說明僅存於新北市統計年報）,230.0
101,,,,,,,欄位未定義,0.0,,社福,新北市政府主計處,身心障礙人數(101年以後),2012 |  汐止區,itemvalue31,是（欄位說明僅存於新北市統計年報）,306.0
101,,,,,,,欄位未定義,0.0,,社福,新北市政府主計處,身心障礙人數(101年以後),2012 |  瑞芳區,itemvalue31,是（欄位說明僅存於新北市統計年報）,161.0
101,,,,,,,欄位未定義,0.0,,社福,新北市政府主計處,身心障礙人數(101年以後),2012 |  土城區,itemvalue31,是（欄位說明僅存於新北市統計年報）,328.0
101,,,,,,,欄位未定義,0.0,,社福,新北市政府主計處,身心障礙人數(101年以後),2012 |  蘆洲區,itemvalue31,是（欄位說明僅存於新北市統計年報）,279.0
101,,,,,,,欄位未定義,0.0,,社福,新北市政府主計處,身心障礙人數(101年以後),2012 |  五股區,itemvalue31,是（欄位說明僅存於新北市統計年報）,144.0
101,,,,,,,欄位未定義,0.0,,社福,新北市政府主計處,身心障礙人數(101年以後),2012 |  泰山區,itemvalue31,是（欄位說明僅存於新北市統計年報）,100.0
101,,,,,,,欄位未定義,0.0,,社福,新北市政府主計處,身心障礙人數(101年以後),2012 |  林口區,itemvalue31,是（欄位說明僅存於新北市統計年報）,92.0
101,,,,,,,欄位未定義,0.0,,社福,新北市政府主計處,身心障礙人數(101年以後),2012 |  深坑區,itemvalue31,是（欄位說明僅存於新北市統計年報）,49.0
101,,,,,,,欄位未定義,0.0,,社福,新北市政府主計處,身心障礙人數(101年以後),2012 |  石碇區,itemvalue31,是（欄位說明僅存於新北市統計年報）,23.0
101,,,,,,,欄位未定義,0.0,,社福,新北市政府主計處,身心障礙人數(101年以後),2012 |  坪林區,itemvalue31,是（欄位說明僅存於新北市統計年報）,12.0
101,,,,,,,欄位未定義,0.0,,社福,新北市政府主計處,身心障礙人數(101年以後),2012 |  三芝區,itemvalue31,是（欄位說明僅存於新北市統計年報）,54.0
101,,,,,,,欄位未定義,0.0,,社福,新北市政府主計處,身心障礙人數(101年以後),2012 |  石門區,itemvalue31,是（欄位說明僅存於新北市統計年報）,25.0
101,,,,,,,欄位未定義,0.0,,社福,新北市政府主計處,身心障礙人數(101年以後),2012 |  八里區,itemvalue31,是（欄位說明僅存於新北市統計年報）,61.0
101,,,,,,,欄位未定義,0.0,,社福,新北市政府主計處,身心障礙人數(101年以後),2012 |  平溪區,itemvalue31,是（欄位說明僅存於新北市統計年報）,29.0
101,,,,,,,欄位未定義,0.0,,社福,新北市政府主計處,身心障礙人數(101年以後),2012 |  雙溪區,itemvalue31,是（欄位說明僅存於新北市統計年報）,31.0
101,,,,,,,欄位未定義,0.0,,社福,新北市政府主計處,身心障礙人數(101年以後),2012 |  貢寮區,itemvalue31,是（欄位說明僅存於新北市統計年報）,35.0
101,,,,,,,欄位未定義,0.0,,社福,新北市政府主計處,身心障礙人數(101年以後),2012 |  金山區,itemvalue31,是（欄位說明僅存於新北市統計年報）,47.0
101,,,,,,,欄位未定義,0.0,,社福,新北市政府主計處,身心障礙人數(101年以後),2012 |  萬里區,itemvalue31,是（欄位說明僅存於新北市統計年報）,60.0
101,,,,,,,欄位未定義,0.0,,社福,新北市政府主計處,身心障礙人數(101年以後),2012 |  烏來區,itemvalue31,是（欄位說明僅存於新北市統計年報）,8.0
101,,,,,,,欄位未定義,0.0,,社福,新北市政府主計處,身心障礙人數(101年以後),2012 |  新北市,itemvalue32,是（欄位說明僅存於新北市統計年報）,7247.0
101,,,,,,,欄位未定義,0.0,,社福,新北市政府主計處,身心障礙人數(101年以後),2012 |  板橋區,itemvalue32,是（欄位說明僅存於新北市統計年報）,893.0
101,,,,,,,欄位未定義,0.0,,社福,新北市政府主計處,身心障礙人數(101年以後),2012 |  三重區,itemvalue32,是（欄位說明僅存於新北市統計年報）,747.0
101,,,,,,,欄位未定義,0.0,,社福,新北市政府主計處,身心障礙人數(101年以後),2012 |  中和區,itemvalue32,是（欄位說明僅存於新北市統計年報）,911.0
101,,,,,,,欄位未定義,0.0,,社福,新北市政府主計處,身心障礙人數(101年以後),2012 |  永和區,itemvalue32,是（欄位說明僅存於新北市統計年報）,438.0
101,,,,,,,欄位未定義,0.0,,社福,新北市政府主計處,身心障礙人數(101年以後),2012 |  新莊區,itemvalue32,是（欄位說明僅存於新北市統計年報）,582.0
101,,,,,,,欄位未定義,0.0,,社福,新北市政府主計處,身心障礙人數(101年以後),2012 |  新店區,itemvalue32,是（欄位說明僅存於新北市統計年報）,628.0
101,,,,,,,欄位未定義,0.0,,社福,新北市政府主計處,身心障礙人數(101年以後),2012 |  樹林區,itemvalue32,是（欄位說明僅存於新北市統計年報）,284.0
101,,,,,,,欄位未定義,0.0,,社福,新北市政府主計處,身心障礙人數(101年以後),2012 |  鶯歌區,itemvalue32,是（欄位說明僅存於新北市統計年報）,143.0
101,,,,,,,欄位未定義,0.0,,社福,新北市政府主計處,身心障礙人數(101年以後),2012 |  三峽區,itemvalue32,是（欄位說明僅存於新北市統計年報）,183.0
101,,,,,,,欄位未定義,0.0,,社福,新北市政府主計處,身心障礙人數(101年以後),2012 |  淡水區,itemvalue32,是（欄位說明僅存於新北市統計年報）,270.0
101,,,,,,,欄位未定義,0.0,,社福,新北市政府主計處,身心障礙人數(101年以後),2012 |  汐止區,itemvalue32,是（欄位說明僅存於新北市統計年報）,425.0
101,,,,,,,欄位未定義,0.0,,社福,新北市政府主計處,身心障礙人數(101年以後),2012 |  瑞芳區,itemvalue32,是（欄位說明僅存於新北市統計年報）,119.0
101,,,,,,,欄位未定義,0.0,,社福,新北市政府主計處,身心障礙人數(101年以後),2012 |  土城區,itemvalue32,是（欄位說明僅存於新北市統計年報）,448.0
101,,,,,,,欄位未定義,0.0,,社福,新北市政府主計處,身心障礙人數(101年以後),2012 |  蘆洲區,itemvalue32,是（欄位說明僅存於新北市統計年報）,344.0
101,,,,,,,欄位未定義,0.0,,社福,新北市政府主計處,身心障礙人數(101年以後),2012 |  五股區,itemvalue32,是（欄位說明僅存於新北市統計年報）,164.0
101,,,,,,,欄位未定義,0.0,,社福,新北市政府主計處,身心障礙人數(101年以後),2012 |  泰山區,itemvalue32,是（欄位說明僅存於新北市統計年報）,131.0
101,,,,,,,欄位未定義,0.0,,社福,新北市政府主計處,身心障礙人數(101年以後),2012 |  林口區,itemvalue32,是（欄位說明僅存於新北市統計年報）,93.0
101,,,,,,,欄位未定義,0.0,,社福,新北市政府主計處,身心障礙人數(101年以後),2012 |  深坑區,itemvalue32,是（欄位說明僅存於新北市統計年報）,55.0
101,,,,,,,欄位未定義,0.0,,社福,新北市政府主計處,身心障礙人數(101年以後),2012 |  石碇區,itemvalue32,是（欄位說明僅存於新北市統計年報）,12.0
101,,,,,,,欄位未定義,0.0,,社福,新北市政府主計處,身心障礙人數(101年以後),2012 |  坪林區,itemvalue32,是（欄位說明僅存於新北市統計年報）,13.0
101,,,,,,,欄位未定義,0.0,,社福,新北市政府主計處,身心障礙人數(101年以後),2012 |  三芝區,itemvalue32,是（欄位說明僅存於新北市統計年報）,43.0
101,,,,,,,欄位未定義,0.0,,社福,新北市政府主計處,身心障礙人數(101年以後),2012 |  石門區,itemvalue32,是（欄位說明僅存於新北市統計年報）,33.0
101,,,,,,,欄位未定義,0.0,,社福,新北市政府主計處,身心障礙人數(101年以後),2012 |  八里區,itemvalue32,是（欄位說明僅存於新北市統計年報）,60.0
101,,,,,,,欄位未定義,0.0,,社福,新北市政府主計處,身心障礙人數(101年以後),2012 |  平溪區,itemvalue32,是（欄位說明僅存於新北市統計年報）,10.0
101,,,,,,,欄位未定義,0.0,,社福,新北市政府主計處,身心障礙人數(101年以後),2012 |  雙溪區,itemvalue32,是（欄位說明僅存於新北市統計年報）,26.0
101,,,,,,,欄位未定義,0.0,,社福,新北市政府主計處,身心障礙人數(101年以後),2012 |  貢寮區,itemvalue32,是（欄位說明僅存於新北市統計年報）,35.0
101,,,,,,,欄位未定義,0.0,,社福,新北市政府主計處,身心障礙人數(101年以後),2012 |  金山區,itemvalue32,是（欄位說明僅存於新北市統計年報）,42.0
101,,,,,,,欄位未定義,0.0,,社福,新北市政府主計處,身心障礙人數(101年以後),2012 |  萬里區,itemvalue32,是（欄位說明僅存於新北市統計年報）,100.0
101,,,,,,,欄位未定義,0.0,,社福,新北市政府主計處,身心障礙人數(101年以後),2012 |  烏來區,itemvalue32,是（欄位說明僅存於新北市統計年報）,15.0
101,,,,,,,欄位未定義,0.0,,社福,新北市政府主計處,身心障礙人數(101年以後),2012 |  新北市,itemvalue33,是（欄位說明僅存於新北市統計年報）,8822.0
101,,,,,,,欄位未定義,0.0,,社福,新北市政府主計處,身心障礙人數(101年以後),2012 |  板橋區,itemvalue33,是（欄位說明僅存於新北市統計年報）,1234.0
101,,,,,,,欄位未定義,0.0,,社福,新北市政府主計處,身心障礙人數(101年以後),2012 |  三重區,itemvalue33,是（欄位說明僅存於新北市統計年報）,872.0
101,,,,,,,欄位未定義,0.0,,社福,新北市政府主計處,身心障礙人數(101年以後),2012 |  中和區,itemvalue33,是（欄位說明僅存於新北市統計年報）,927.0
101,,,,,,,欄位未定義,0.0,,社福,新北市政府主計處,身心障礙人數(101年以後),2012 |  永和區,itemvalue33,是（欄位說明僅存於新北市統計年報）,499.0
101,,,,,,,欄位未定義,0.0,,社福,新北市政府主計處,身心障礙人數(101年以後),2012 |  新莊區,itemvalue33,是（欄位說明僅存於新北市統計年報）,726.0
101,,,,,,,欄位未定義,0.0,,社福,新北市政府主計處,身心障礙人數(101年以後),2012 |  新店區,itemvalue33,是（欄位說明僅存於新北市統計年報）,638.0
101,,,,,,,欄位未定義,0.0,,社福,新北市政府主計處,身心障礙人數(101年以後),2012 |  樹林區,itemvalue33,是（欄位說明僅存於新北市統計年報）,414.0
101,,,,,,,欄位未定義,0.0,,社福,新北市政府主計處,身心障礙人數(101年以後),2012 |  鶯歌區,itemvalue33,是（欄位說明僅存於新北市統計年報）,244.0
101,,,,,,,欄位未定義,0.0,,社福,新北市政府主計處,身心障礙人數(101年以後),2012 |  三峽區,itemvalue33,是（欄位說明僅存於新北市統計年報）,292.0
101,,,,,,,欄位未定義,0.0,,社福,新北市政府主計處,身心障礙人數(101年以後),2012 |  淡水區,itemvalue33,是（欄位說明僅存於新北市統計年報）,324.0
101,,,,,,,欄位未定義,0.0,,社福,新北市政府主計處,身心障礙人數(101年以後),2012 |  汐止區,itemvalue33,是（欄位說明僅存於新北市統計年報）,419.0
101,,,,,,,欄位未定義,0.0,,社福,新北市政府主計處,身心障礙人數(101年以後),2012 |  瑞芳區,itemvalue33,是（欄位說明僅存於新北市統計年報）,157.0
101,,,,,,,欄位未定義,0.0,,社福,新北市政府主計處,身心障礙人數(101年以後),2012 |  土城區,itemvalue33,是（欄位說明僅存於新北市統計年報）,570.0
101,,,,,,,欄位未定義,0.0,,社福,新北市政府主計處,身心障礙人數(101年以後),2012 |  蘆洲區,itemvalue33,是（欄位說明僅存於新北市統計年報）,398.0
101,,,,,,,欄位未定義,0.0,,社福,新北市政府主計處,身心障礙人數(101年以後),2012 |  五股區,itemvalue33,是（欄位說明僅存於新北市統計年報）,205.0
101,,,,,,,欄位未定義,0.0,,社福,新北市政府主計處,身心障礙人數(101年以後),2012 |  泰山區,itemvalue33,是（欄位說明僅存於新北市統計年報）,161.0
101,,,,,,,欄位未定義,0.0,,社福,新北市政府主計處,身心障礙人數(101年以後),2012 |  林口區,itemvalue33,是（欄位說明僅存於新北市統計年報）,164.0
101,,,,,,,欄位未定義,0.0,,社福,新北市政府主計處,身心障礙人數(101年以後),2012 |  深坑區,itemvalue33,是（欄位說明僅存於新北市統計年報）,61.0
101,,,,,,,欄位未定義,0.0,,社福,新北市政府主計處,身心障礙人數(101年以後),2012 |  石碇區,itemvalue33,是（欄位說明僅存於新北市統計年報）,35.0
101,,,,,,,欄位未定義,0.0,,社福,新北市政府主計處,身心障礙人數(101年以後),2012 |  坪林區,itemvalue33,是（欄位說明僅存於新北市統計年報）,18.0
101,,,,,,,欄位未定義,0.0,,社福,新北市政府主計處,身心障礙人數(101年以後),2012 |  三芝區,itemvalue33,是（欄位說明僅存於新北市統計年報）,81.0
101,,,,,,,欄位未定義,0.0,,社福,新北市政府主計處,身心障礙人數(101年以後),2012 |  石門區,itemvalue33,是（欄位說明僅存於新北市統計年報）,39.0
101,,,,,,,欄位未定義,0.0,,社福,新北市政府主計處,身心障礙人數(101年以後),2012 |  八里區,itemvalue33,是（欄位說明僅存於新北市統計年報）,85.0
101,,,,,,,欄位未定義,0.0,,社福,新北市政府主計處,身心障礙人數(101年以後),2012 |  平溪區,itemvalue33,是（欄位說明僅存於新北市統計年報）,26.0
101,,,,,,,欄位未定義,0.0,,社福,新北市政府主計處,身心障礙人數(101年以後),2012 |  雙溪區,itemvalue33,是（欄位說明僅存於新北市統計年報）,39.0
101,,,,,,,欄位未定義,0.0,,社福,新北市政府主計處,身心障礙人數(101年以後),2012 |  貢寮區,itemvalue33,是（欄位說明僅存於新北市統計年報）,46.0
101,,,,,,,欄位未定義,0.0,,社福,新北市政府主計處,身心障礙人數(101年以後),2012 |  金山區,itemvalue33,是（欄位說明僅存於新北市統計年報）,63.0
101,,,,,,,欄位未定義,0.0,,社福,新北市政府主計處,身心障礙人數(101年以後),2012 |  萬里區,itemvalue33,是（欄位說明僅存於新北市統計年報）,67.0
101,,,,,,,欄位未定義,0.0,,社福,新北市政府主計處,身心障礙人數(101年以後),2012 |  烏來區,itemvalue33,是（欄位說明僅存於新北市統計年報）,18.0
101,,,,,,,欄位未定義,0.0,,社福,新北市政府主計處,身心障礙人數(101年以後),2012 |  新北市,itemvalue34,是（欄位說明僅存於新北市統計年報）,5943.0
101,,,,,,,欄位未定義,0.0,,社福,新北市政府主計處,身心障礙人數(101年以後),2012 |  板橋區,itemvalue34,是（欄位說明僅存於新北市統計年報）,815.0
101,,,,,,,欄位未定義,0.0,,社福,新北市政府主計處,身心障礙人數(101年以後),2012 |  三重區,itemvalue34,是（欄位說明僅存於新北市統計年報）,589.0
101,,,,,,,欄位未定義,0.0,,社福,新北市政府主計處,身心障礙人數(101年以後),2012 |  中和區,itemvalue34,是（欄位說明僅存於新北市統計年報）,617.0
101,,,,,,,欄位未定義,0.0,,社福,新北市政府主計處,身心障礙人數(101年以後),2012 |  永和區,itemvalue34,是（欄位說明僅存於新北市統計年報）,397.0
101,,,,,,,欄位未定義,0.0,,社福,新北市政府主計處,身心障礙人數(101年以後),2012 |  新莊區,itemvalue34,是（欄位說明僅存於新北市統計年報）,491.0
101,,,,,,,欄位未定義,0.0,,社福,新北市政府主計處,身心障礙人數(101年以後),2012 |  新店區,itemvalue34,是（欄位說明僅存於新北市統計年報）,503.0
101,,,,,,,欄位未定義,0.0,,社福,新北市政府主計處,身心障礙人數(101年以後),2012 |  樹林區,itemvalue34,是（欄位說明僅存於新北市統計年報）,251.0
101,,,,,,,欄位未定義,0.0,,社福,新北市政府主計處,身心障礙人數(101年以後),2012 |  鶯歌區,itemvalue34,是（欄位說明僅存於新北市統計年報）,145.0
101,,,,,,,欄位未定義,0.0,,社福,新北市政府主計處,身心障礙人數(101年以後),2012 |  三峽區,itemvalue34,是（欄位說明僅存於新北市統計年報）,194.0
101,,,,,,,欄位未定義,0.0,,社福,新北市政府主計處,身心障礙人數(101年以後),2012 |  淡水區,itemvalue34,是（欄位說明僅存於新北市統計年報）,189.0
101,,,,,,,欄位未定義,0.0,,社福,新北市政府主計處,身心障礙人數(101年以後),2012 |  汐止區,itemvalue34,是（欄位說明僅存於新北市統計年報）,286.0
101,,,,,,,欄位未定義,0.0,,社福,新北市政府主計處,身心障礙人數(101年以後),2012 |  瑞芳區,itemvalue34,是（欄位說明僅存於新北市統計年報）,137.0
101,,,,,,,欄位未定義,0.0,,社福,新北市政府主計處,身心障礙人數(101年以後),2012 |  土城區,itemvalue34,是（欄位說明僅存於新北市統計年報）,351.0
101,,,,,,,欄位未定義,0.0,,社福,新北市政府主計處,身心障礙人數(101年以後),2012 |  蘆洲區,itemvalue34,是（欄位說明僅存於新北市統計年報）,237.0
101,,,,,,,欄位未定義,0.0,,社福,新北市政府主計處,身心障礙人數(101年以後),2012 |  五股區,itemvalue34,是（欄位說明僅存於新北市統計年報）,112.0
101,,,,,,,欄位未定義,0.0,,社福,新北市政府主計處,身心障礙人數(101年以後),2012 |  泰山區,itemvalue34,是（欄位說明僅存於新北市統計年報）,134.0
101,,,,,,,欄位未定義,0.0,,社福,新北市政府主計處,身心障礙人數(101年以後),2012 |  林口區,itemvalue34,是（欄位說明僅存於新北市統計年報）,108.0
101,,,,,,,欄位未定義,0.0,,社福,新北市政府主計處,身心障礙人數(101年以後),2012 |  深坑區,itemvalue34,是（欄位說明僅存於新北市統計年報）,49.0
101,,,,,,,欄位未定義,0.0,,社福,新北市政府主計處,身心障礙人數(101年以後),2012 |  石碇區,itemvalue34,是（欄位說明僅存於新北市統計年報）,14.0
101,,,,,,,欄位未定義,0.0,,社福,新北市政府主計處,身心障礙人數(101年以後),2012 |  坪林區,itemvalue34,是（欄位說明僅存於新北市統計年報）,16.0
101,,,,,,,欄位未定義,0.0,,社福,新北市政府主計處,身心障礙人數(101年以後),2012 |  三芝區,itemvalue34,是（欄位說明僅存於新北市統計年報）,37.0
101,,,,,,,欄位未定義,0.0,,社福,新北市政府主計處,身心障礙人數(101年以後),2012 |  石門區,itemvalue34,是（欄位說明僅存於新北市統計年報）,26.0
101,,,,,,,欄位未定義,0.0,,社福,新北市政府主計處,身心障礙人數(101年以後),2012 |  八里區,itemvalue34,是（欄位說明僅存於新北市統計年報）,53.0
101,,,,,,,欄位未定義,0.0,,社福,新北市政府主計處,身心障礙人數(101年以後),2012 |  平溪區,itemvalue34,是（欄位說明僅存於新北市統計年報）,28.0
101,,,,,,,欄位未定義,0.0,,社福,新北市政府主計處,身心障礙人數(101年以後),2012 |  雙溪區,itemvalue34,是（欄位說明僅存於新北市統計年報）,27.0
101,,,,,,,欄位未定義,0.0,,社福,新北市政府主計處,身心障礙人數(101年以後),2012 |  貢寮區,itemvalue34,是（欄位說明僅存於新北市統計年報）,32.0
101,,,,,,,欄位未定義,0.0,,社福,新北市政府主計處,身心障礙人數(101年以後),2012 |  金山區,itemvalue34,是（欄位說明僅存於新北市統計年報）,41.0
101,,,,,,,欄位未定義,0.0,,社福,新北市政府主計處,身心障礙人數(101年以後),2012 |  萬里區,itemvalue34,是（欄位說明僅存於新北市統計年報）,48.0
101,,,,,,,欄位未定義,0.0,,社福,新北市政府主計處,身心障礙人數(101年以後),2012 |  烏來區,itemvalue34,是（欄位說明僅存於新北市統計年報）,16.0
101,,,,,,,欄位未定義,0.0,,社福,新北市政府主計處,身心障礙人數(101年以後),2012 |  新北市,itemvalue35,是（欄位說明僅存於新北市統計年報）,290.0
101,,,,,,,欄位未定義,0.0,,社福,新北市政府主計處,身心障礙人數(101年以後),2012 |  板橋區,itemvalue35,是（欄位說明僅存於新北市統計年報）,40.0
101,,,,,,,欄位未定義,0.0,,社福,新北市政府主計處,身心障礙人數(101年以後),2012 |  三重區,itemvalue35,是（欄位說明僅存於新北市統計年報）,25.0
101,,,,,,,欄位未定義,0.0,,社福,新北市政府主計處,身心障礙人數(101年以後),2012 |  中和區,itemvalue35,是（欄位說明僅存於新北市統計年報）,21.0
101,,,,,,,欄位未定義,0.0,,社福,新北市政府主計處,身心障礙人數(101年以後),2012 |  永和區,itemvalue35,是（欄位說明僅存於新北市統計年報）,16.0
101,,,,,,,欄位未定義,0.0,,社福,新北市政府主計處,身心障礙人數(101年以後),2012 |  新莊區,itemvalue35,是（欄位說明僅存於新北市統計年報）,34.0
101,,,,,,,欄位未定義,0.0,,社福,新北市政府主計處,身心障礙人數(101年以後),2012 |  新店區,itemvalue35,是（欄位說明僅存於新北市統計年報）,19.0
101,,,,,,,欄位未定義,0.0,,社福,新北市政府主計處,身心障礙人數(101年以後),2012 |  樹林區,itemvalue35,是（欄位說明僅存於新北市統計年報）,18.0
101,,,,,,,欄位未定義,0.0,,社福,新北市政府主計處,身心障礙人數(101年以後),2012 |  鶯歌區,itemvalue35,是（欄位說明僅存於新北市統計年報）,9.0
101,,,,,,,欄位未定義,0.0,,社福,新北市政府主計處,身心障礙人數(101年以後),2012 |  三峽區,itemvalue35,是（欄位說明僅存於新北市統計年報）,8.0
101,,,,,,,欄位未定義,0.0,,社福,新北市政府主計處,身心障礙人數(101年以後),2012 |  淡水區,itemvalue35,是（欄位說明僅存於新北市統計年報）,10.0
101,,,,,,,欄位未定義,0.0,,社福,新北市政府主計處,身心障礙人數(101年以後),2012 |  汐止區,itemvalue35,是（欄位說明僅存於新北市統計年報）,8.0
101,,,,,,,欄位未定義,0.0,,社福,新北市政府主計處,身心障礙人數(101年以後),2012 |  瑞芳區,itemvalue35,是（欄位說明僅存於新北市統計年報）,6.0
101,,,,,,,欄位未定義,0.0,,社福,新北市政府主計處,身心障礙人數(101年以後),2012 |  土城區,itemvalue35,是（欄位說明僅存於新北市統計年報）,16.0
101,,,,,,,欄位未定義,0.0,,社福,新北市政府主計處,身心障礙人數(101年以後),2012 |  蘆洲區,itemvalue35,是（欄位說明僅存於新北市統計年報）,18.0
101,,,,,,,欄位未定義,0.0,,社福,新北市政府主計處,身心障礙人數(101年以後),2012 |  五股區,itemvalue35,是（欄位說明僅存於新北市統計年報）,9.0
101,,,,,,,欄位未定義,0.0,,社福,新北市政府主計處,身心障礙人數(101年以後),2012 |  泰山區,itemvalue35,是（欄位說明僅存於新北市統計年報）,9.0
101,,,,,,,欄位未定義,0.0,,社福,新北市政府主計處,身心障礙人數(101年以後),2012 |  林口區,itemvalue35,是（欄位說明僅存於新北市統計年報）,4.0
101,,,,,,,欄位未定義,0.0,,社福,新北市政府主計處,身心障礙人數(101年以後),2012 |  深坑區,itemvalue35,是（欄位說明僅存於新北市統計年報）,1.0
101,,,,,,,欄位未定義,0.0,,社福,新北市政府主計處,身心障礙人數(101年以後),2012 |  石碇區,itemvalue35,是（欄位說明僅存於新北市統計年報）,1.0
101,,,,,,,欄位未定義,0.0,,社福,新北市政府主計處,身心障礙人數(101年以後),2012 |  坪林區,itemvalue35,是（欄位說明僅存於新北市統計年報）,1.0
101,,,,,,,欄位未定義,0.0,,社福,新北市政府主計處,身心障礙人數(101年以後),2012 |  三芝區,itemvalue35,是（欄位說明僅存於新北市統計年報）,0.0
101,,,,,,,欄位未定義,0.0,,社福,新北市政府主計處,身心障礙人數(101年以後),2012 |  石門區,itemvalue35,是（欄位說明僅存於新北市統計年報）,1.0
101,,,,,,,欄位未定義,0.0,,社福,新北市政府主計處,身心障礙人數(101年以後),2012 |  八里區,itemvalue35,是（欄位說明僅存於新北市統計年報）,4.0
101,,,,,,,欄位未定義,0.0,,社福,新北市政府主計處,身心障礙人數(101年以後),2012 |  平溪區,itemvalue35,是（欄位說明僅存於新北市統計年報）,2.0
101,,,,,,,欄位未定義,0.0,,社福,新北市政府主計處,身心障礙人數(101年以後),2012 |  雙溪區,itemvalue35,是（欄位說明僅存於新北市統計年報）,1.0
101,,,,,,,欄位未定義,0.0,,社福,新北市政府主計處,身心障礙人數(101年以後),2012 |  貢寮區,itemvalue35,是（欄位說明僅存於新北市統計年報）,1.0
101,,,,,,,欄位未定義,0.0,,社福,新北市政府主計處,身心障礙人數(101年以後),2012 |  金山區,itemvalue35,是（欄位說明僅存於新北市統計年報）,5.0
101,,,,,,,欄位未定義,0.0,,社福,新北市政府主計處,身心障礙人數(101年以後),2012 |  萬里區,itemvalue35,是（欄位說明僅存於新北市統計年報）,2.0
101,,,,,,,欄位未定義,0.0,,社福,新北市政府主計處,身心障礙人數(101年以後),2012 |  烏來區,itemvalue35,是（欄位說明僅存於新北市統計年報）,1.0
101,,,,,,,欄位未定義,0.0,,社福,新北市政府主計處,身心障礙人數(101年以後),2012 |  新北市,itemvalue36,是（欄位說明僅存於新北市統計年報）,260.0
101,,,,,,,欄位未定義,0.0,,社福,新北市政府主計處,身心障礙人數(101年以後),2012 |  板橋區,itemvalue36,是（欄位說明僅存於新北市統計年報）,38.0
101,,,,,,,欄位未定義,0.0,,社福,新北市政府主計處,身心障礙人數(101年以後),2012 |  三重區,itemvalue36,是（欄位說明僅存於新北市統計年報）,26.0
101,,,,,,,欄位未定義,0.0,,社福,新北市政府主計處,身心障礙人數(101年以後),2012 |  中和區,itemvalue36,是（欄位說明僅存於新北市統計年報）,33.0
101,,,,,,,欄位未定義,0.0,,社福,新北市政府主計處,身心障礙人數(101年以後),2012 |  永和區,itemvalue36,是（欄位說明僅存於新北市統計年報）,7.0
101,,,,,,,欄位未定義,0.0,,社福,新北市政府主計處,身心障礙人數(101年以後),2012 |  新莊區,itemvalue36,是（欄位說明僅存於新北市統計年報）,25.0
101,,,,,,,欄位未定義,0.0,,社福,新北市政府主計處,身心障礙人數(101年以後),2012 |  新店區,itemvalue36,是（欄位說明僅存於新北市統計年報）,22.0
101,,,,,,,欄位未定義,0.0,,社福,新北市政府主計處,身心障礙人數(101年以後),2012 |  樹林區,itemvalue36,是（欄位說明僅存於新北市統計年報）,8.0
101,,,,,,,欄位未定義,0.0,,社福,新北市政府主計處,身心障礙人數(101年以後),2012 |  鶯歌區,itemvalue36,是（欄位說明僅存於新北市統計年報）,7.0
101,,,,,,,欄位未定義,0.0,,社福,新北市政府主計處,身心障礙人數(101年以後),2012 |  三峽區,itemvalue36,是（欄位說明僅存於新北市統計年報）,7.0
101,,,,,,,欄位未定義,0.0,,社福,新北市政府主計處,身心障礙人數(101年以後),2012 |  淡水區,itemvalue36,是（欄位說明僅存於新北市統計年報）,7.0
101,,,,,,,欄位未定義,0.0,,社福,新北市政府主計處,身心障礙人數(101年以後),2012 |  汐止區,itemvalue36,是（欄位說明僅存於新北市統計年報）,11.0
101,,,,,,,欄位未定義,0.0,,社福,新北市政府主計處,身心障礙人數(101年以後),2012 |  瑞芳區,itemvalue36,是（欄位說明僅存於新北市統計年報）,4.0
101,,,,,,,欄位未定義,0.0,,社福,新北市政府主計處,身心障礙人數(101年以後),2012 |  土城區,itemvalue36,是（欄位說明僅存於新北市統計年報）,16.0
101,,,,,,,欄位未定義,0.0,,社福,新北市政府主計處,身心障礙人數(101年以後),2012 |  蘆洲區,itemvalue36,是（欄位說明僅存於新北市統計年報）,19.0
101,,,,,,,欄位未定義,0.0,,社福,新北市政府主計處,身心障礙人數(101年以後),2012 |  五股區,itemvalue36,是（欄位說明僅存於新北市統計年報）,7.0
101,,,,,,,欄位未定義,0.0,,社福,新北市政府主計處,身心障礙人數(101年以後),2012 |  泰山區,itemvalue36,是（欄位說明僅存於新北市統計年報）,5.0
101,,,,,,,欄位未定義,0.0,,社福,新北市政府主計處,身心障礙人數(101年以後),2012 |  林口區,itemvalue36,是（欄位說明僅存於新北市統計年報）,4.0
101,,,,,,,欄位未定義,0.0,,社福,新北市政府主計處,身心障礙人數(101年以後),2012 |  深坑區,itemvalue36,是（欄位說明僅存於新北市統計年報）,1.0
101,,,,,,,欄位未定義,0.0,,社福,新北市政府主計處,身心障礙人數(101年以後),2012 |  石碇區,itemvalue36,是（欄位說明僅存於新北市統計年報）,2.0
101,,,,,,,欄位未定義,0.0,,社福,新北市政府主計處,身心障礙人數(101年以後),2012 |  坪林區,itemvalue36,是（欄位說明僅存於新北市統計年報）,0.0
101,,,,,,,欄位未定義,0.0,,社福,新北市政府主計處,身心障礙人數(101年以後),2012 |  三芝區,itemvalue36,是（欄位說明僅存於新北市統計年報）,2.0
101,,,,,,,欄位未定義,0.0,,社福,新北市政府主計處,身心障礙人數(101年以後),2012 |  石門區,itemvalue36,是（欄位說明僅存於新北市統計年報）,2.0
101,,,,,,,欄位未定義,0.0,,社福,新北市政府主計處,身心障礙人數(101年以後),2012 |  八里區,itemvalue36,是（欄位說明僅存於新北市統計年報）,2.0
101,,,,,,,欄位未定義,0.0,,社福,新北市政府主計處,身心障礙人數(101年以後),2012 |  平溪區,itemvalue36,是（欄位說明僅存於新北市統計年報）,0.0
101,,,,,,,欄位未定義,0.0,,社福,新北市政府主計處,身心障礙人數(101年以後),2012 |  雙溪區,itemvalue36,是（欄位說明僅存於新北市統計年報）,0.0
101,,,,,,,欄位未定義,0.0,,社福,新北市政府主計處,身心障礙人數(101年以後),2012 |  貢寮區,itemvalue36,是（欄位說明僅存於新北市統計年報）,1.0
101,,,,,,,欄位未定義,0.0,,社福,新北市政府主計處,身心障礙人數(101年以後),2012 |  金山區,itemvalue36,是（欄位說明僅存於新北市統計年報）,1.0
101,,,,,,,欄位未定義,0.0,,社福,新北市政府主計處,身心障礙人數(101年以後),2012 |  萬里區,itemvalue36,是（欄位說明僅存於新北市統計年報）,3.0
101,,,,,,,欄位未定義,0.0,,社福,新北市政府主計處,身心障礙人數(101年以後),2012 |  烏來區,itemvalue36,是（欄位說明僅存於新北市統計年報）,0.0
101,,,,,,,欄位未定義,0.0,,社福,新北市政府主計處,身心障礙人數(101年以後),2012 |  新北市,itemvalue37,是（欄位說明僅存於新北市統計年報）,184.0
101,,,,,,,欄位未定義,0.0,,社福,新北市政府主計處,身心障礙人數(101年以後),2012 |  板橋區,itemvalue37,是（欄位說明僅存於新北市統計年報）,34.0
101,,,,,,,欄位未定義,0.0,,社福,新北市政府主計處,身心障礙人數(101年以後),2012 |  三重區,itemvalue37,是（欄位說明僅存於新北市統計年報）,19.0
101,,,,,,,欄位未定義,0.0,,社福,新北市政府主計處,身心障礙人數(101年以後),2012 |  中和區,itemvalue37,是（欄位說明僅存於新北市統計年報）,22.0
101,,,,,,,欄位未定義,0.0,,社福,新北市政府主計處,身心障礙人數(101年以後),2012 |  永和區,itemvalue37,是（欄位說明僅存於新北市統計年報）,7.0
101,,,,,,,欄位未定義,0.0,,社福,新北市政府主計處,身心障礙人數(101年以後),2012 |  新莊區,itemvalue37,是（欄位說明僅存於新北市統計年報）,15.0
101,,,,,,,欄位未定義,0.0,,社福,新北市政府主計處,身心障礙人數(101年以後),2012 |  新店區,itemvalue37,是（欄位說明僅存於新北市統計年報）,12.0
101,,,,,,,欄位未定義,0.0,,社福,新北市政府主計處,身心障礙人數(101年以後),2012 |  樹林區,itemvalue37,是（欄位說明僅存於新北市統計年報）,5.0
101,,,,,,,欄位未定義,0.0,,社福,新北市政府主計處,身心障礙人數(101年以後),2012 |  鶯歌區,itemvalue37,是（欄位說明僅存於新北市統計年報）,3.0
101,,,,,,,欄位未定義,0.0,,社福,新北市政府主計處,身心障礙人數(101年以後),2012 |  三峽區,itemvalue37,是（欄位說明僅存於新北市統計年報）,6.0
101,,,,,,,欄位未定義,0.0,,社福,新北市政府主計處,身心障礙人數(101年以後),2012 |  淡水區,itemvalue37,是（欄位說明僅存於新北市統計年報）,8.0
101,,,,,,,欄位未定義,0.0,,社福,新北市政府主計處,身心障礙人數(101年以後),2012 |  汐止區,itemvalue37,是（欄位說明僅存於新北市統計年報）,5.0
101,,,,,,,欄位未定義,0.0,,社福,新北市政府主計處,身心障礙人數(101年以後),2012 |  瑞芳區,itemvalue37,是（欄位說明僅存於新北市統計年報）,2.0
101,,,,,,,欄位未定義,0.0,,社福,新北市政府主計處,身心障礙人數(101年以後),2012 |  土城區,itemvalue37,是（欄位說明僅存於新北市統計年報）,13.0
101,,,,,,,欄位未定義,0.0,,社福,新北市政府主計處,身心障礙人數(101年以後),2012 |  蘆洲區,itemvalue37,是（欄位說明僅存於新北市統計年報）,15.0
101,,,,,,,欄位未定義,0.0,,社福,新北市政府主計處,身心障礙人數(101年以後),2012 |  五股區,itemvalue37,是（欄位說明僅存於新北市統計年報）,3.0
101,,,,,,,欄位未定義,0.0,,社福,新北市政府主計處,身心障礙人數(101年以後),2012 |  泰山區,itemvalue37,是（欄位說明僅存於新北市統計年報）,2.0
101,,,,,,,欄位未定義,0.0,,社福,新北市政府主計處,身心障礙人數(101年以後),2012 |  林口區,itemvalue37,是（欄位說明僅存於新北市統計年報）,2.0
101,,,,,,,欄位未定義,0.0,,社福,新北市政府主計處,身心障礙人數(101年以後),2012 |  深坑區,itemvalue37,是（欄位說明僅存於新北市統計年報）,1.0
101,,,,,,,欄位未定義,0.0,,社福,新北市政府主計處,身心障礙人數(101年以後),2012 |  石碇區,itemvalue37,是（欄位說明僅存於新北市統計年報）,0.0
101,,,,,,,欄位未定義,0.0,,社福,新北市政府主計處,身心障礙人數(101年以後),2012 |  坪林區,itemvalue37,是（欄位說明僅存於新北市統計年報）,0.0
101,,,,,,,欄位未定義,0.0,,社福,新北市政府主計處,身心障礙人數(101年以後),2012 |  三芝區,itemvalue37,是（欄位說明僅存於新北市統計年報）,0.0
101,,,,,,,欄位未定義,0.0,,社福,新北市政府主計處,身心障礙人數(101年以後),2012 |  石門區,itemvalue37,是（欄位說明僅存於新北市統計年報）,2.0
101,,,,,,,欄位未定義,0.0,,社福,新北市政府主計處,身心障礙人數(101年以後),2012 |  八里區,itemvalue37,是（欄位說明僅存於新北市統計年報）,4.0
101,,,,,,,欄位未定義,0.0,,社福,新北市政府主計處,身心障礙人數(101年以後),2012 |  平溪區,itemvalue37,是（欄位說明僅存於新北市統計年報）,0.0
101,,,,,,,欄位未定義,0.0,,社福,新北市政府主計處,身心障礙人數(101年以後),2012 |  雙溪區,itemvalue37,是（欄位說明僅存於新北市統計年報）,0.0
101,,,,,,,欄位未定義,0.0,,社福,新北市政府主計處,身心障礙人數(101年以後),2012 |  貢寮區,itemvalue37,是（欄位說明僅存於新北市統計年報）,0.0
101,,,,,,,欄位未定義,0.0,,社福,新北市政府主計處,身心障礙人數(101年以後),2012 |  金山區,itemvalue37,是（欄位說明僅存於新北市統計年報）,4.0
101,,,,,,,欄位未定義,0.0,,社福,新北市政府主計處,身心障礙人數(101年以後),2012 |  萬里區,itemvalue37,是（欄位說明僅存於新北市統計年報）,0.0
101,,,,,,,欄位未定義,0.0,,社福,新北市政府主計處,身心障礙人數(101年以後),2012 |  烏來區,itemvalue37,是（欄位說明僅存於新北市統計年報）,0.0
101,,,,,,,欄位未定義,0.0,,社福,新北市政府主計處,身心障礙人數(101年以後),2012 |  新北市,itemvalue38,是（欄位說明僅存於新北市統計年報）,159.0
101,,,,,,,欄位未定義,0.0,,社福,新北市政府主計處,身心障礙人數(101年以後),2012 |  板橋區,itemvalue38,是（欄位說明僅存於新北市統計年報）,20.0
101,,,,,,,欄位未定義,0.0,,社福,新北市政府主計處,身心障礙人數(101年以後),2012 |  三重區,itemvalue38,是（欄位說明僅存於新北市統計年報）,17.0
101,,,,,,,欄位未定義,0.0,,社福,新北市政府主計處,身心障礙人數(101年以後),2012 |  中和區,itemvalue38,是（欄位說明僅存於新北市統計年報）,25.0
101,,,,,,,欄位未定義,0.0,,社福,新北市政府主計處,身心障礙人數(101年以後),2012 |  永和區,itemvalue38,是（欄位說明僅存於新北市統計年報）,9.0
101,,,,,,,欄位未定義,0.0,,社福,新北市政府主計處,身心障礙人數(101年以後),2012 |  新莊區,itemvalue38,是（欄位說明僅存於新北市統計年報）,19.0
101,,,,,,,欄位未定義,0.0,,社福,新北市政府主計處,身心障礙人數(101年以後),2012 |  新店區,itemvalue38,是（欄位說明僅存於新北市統計年報）,10.0
101,,,,,,,欄位未定義,0.0,,社福,新北市政府主計處,身心障礙人數(101年以後),2012 |  樹林區,itemvalue38,是（欄位說明僅存於新北市統計年報）,4.0
101,,,,,,,欄位未定義,0.0,,社福,新北市政府主計處,身心障礙人數(101年以後),2012 |  鶯歌區,itemvalue38,是（欄位說明僅存於新北市統計年報）,6.0
101,,,,,,,欄位未定義,0.0,,社福,新北市政府主計處,身心障礙人數(101年以後),2012 |  三峽區,itemvalue38,是（欄位說明僅存於新北市統計年報）,5.0
101,,,,,,,欄位未定義,0.0,,社福,新北市政府主計處,身心障礙人數(101年以後),2012 |  淡水區,itemvalue38,是（欄位說明僅存於新北市統計年報）,3.0
101,,,,,,,欄位未定義,0.0,,社福,新北市政府主計處,身心障礙人數(101年以後),2012 |  汐止區,itemvalue38,是（欄位說明僅存於新北市統計年報）,5.0
101,,,,,,,欄位未定義,0.0,,社福,新北市政府主計處,身心障礙人數(101年以後),2012 |  瑞芳區,itemvalue38,是（欄位說明僅存於新北市統計年報）,2.0
101,,,,,,,欄位未定義,0.0,,社福,新北市政府主計處,身心障礙人數(101年以後),2012 |  土城區,itemvalue38,是（欄位說明僅存於新北市統計年報）,11.0
101,,,,,,,欄位未定義,0.0,,社福,新北市政府主計處,身心障礙人數(101年以後),2012 |  蘆洲區,itemvalue38,是（欄位說明僅存於新北市統計年報）,12.0
101,,,,,,,欄位未定義,0.0,,社福,新北市政府主計處,身心障礙人數(101年以後),2012 |  五股區,itemvalue38,是（欄位說明僅存於新北市統計年報）,0.0
101,,,,,,,欄位未定義,0.0,,社福,新北市政府主計處,身心障礙人數(101年以後),2012 |  泰山區,itemvalue38,是（欄位說明僅存於新北市統計年報）,4.0
101,,,,,,,欄位未定義,0.0,,社福,新北市政府主計處,身心障礙人數(101年以後),2012 |  林口區,itemvalue38,是（欄位說明僅存於新北市統計年報）,4.0
101,,,,,,,欄位未定義,0.0,,社福,新北市政府主計處,身心障礙人數(101年以後),2012 |  深坑區,itemvalue38,是（欄位說明僅存於新北市統計年報）,0.0
101,,,,,,,欄位未定義,0.0,,社福,新北市政府主計處,身心障礙人數(101年以後),2012 |  石碇區,itemvalue38,是（欄位說明僅存於新北市統計年報）,0.0
101,,,,,,,欄位未定義,0.0,,社福,新北市政府主計處,身心障礙人數(101年以後),2012 |  坪林區,itemvalue38,是（欄位說明僅存於新北市統計年報）,0.0
101,,,,,,,欄位未定義,0.0,,社福,新北市政府主計處,身心障礙人數(101年以後),2012 |  三芝區,itemvalue38,是（欄位說明僅存於新北市統計年報）,0.0
101,,,,,,,欄位未定義,0.0,,社福,新北市政府主計處,身心障礙人數(101年以後),2012 |  石門區,itemvalue38,是（欄位說明僅存於新北市統計年報）,0.0
101,,,,,,,欄位未定義,0.0,,社福,新北市政府主計處,身心障礙人數(101年以後),2012 |  八里區,itemvalue38,是（欄位說明僅存於新北市統計年報）,0.0
101,,,,,,,欄位未定義,0.0,,社福,新北市政府主計處,身心障礙人數(101年以後),2012 |  平溪區,itemvalue38,是（欄位說明僅存於新北市統計年報）,0.0
101,,,,,,,欄位未定義,0.0,,社福,新北市政府主計處,身心障礙人數(101年以後),2012 |  雙溪區,itemvalue38,是（欄位說明僅存於新北市統計年報）,1.0
101,,,,,,,欄位未定義,0.0,,社福,新北市政府主計處,身心障礙人數(101年以後),2012 |  貢寮區,itemvalue38,是（欄位說明僅存於新北市統計年報）,1.0
101,,,,,,,欄位未定義,0.0,,社福,新北市政府主計處,身心障礙人數(101年以後),2012 |  金山區,itemvalue38,是（欄位說明僅存於新北市統計年報）,1.0
101,,,,,,,欄位未定義,0.0,,社福,新北市政府主計處,身心障礙人數(101年以後),2012 |  萬里區,itemvalue38,是（欄位說明僅存於新北市統計年報）,0.0
101,,,,,,,欄位未定義,0.0,,社福,新北市政府主計處,身心障礙人數(101年以後),2012 |  烏來區,itemvalue38,是（欄位說明僅存於新北市統計年報）,0.0
101,,,,,,,欄位未定義,0.0,,社福,新北市政府主計處,身心障礙人數(101年以後),2012 |  新北市,itemvalue39,是（欄位說明僅存於新北市統計年報）,327.0
101,,,,,,,欄位未定義,0.0,,社福,新北市政府主計處,身心障礙人數(101年以後),2012 |  板橋區,itemvalue39,是（欄位說明僅存於新北市統計年報）,40.0
101,,,,,,,欄位未定義,0.0,,社福,新北市政府主計處,身心障礙人數(101年以後),2012 |  三重區,itemvalue39,是（欄位說明僅存於新北市統計年報）,31.0
101,,,,,,,欄位未定義,0.0,,社福,新北市政府主計處,身心障礙人數(101年以後),2012 |  中和區,itemvalue39,是（欄位說明僅存於新北市統計年報）,31.0
101,,,,,,,欄位未定義,0.0,,社福,新北市政府主計處,身心障礙人數(101年以後),2012 |  永和區,itemvalue39,是（欄位說明僅存於新北市統計年報）,21.0
101,,,,,,,欄位未定義,0.0,,社福,新北市政府主計處,身心障礙人數(101年以後),2012 |  新莊區,itemvalue39,是（欄位說明僅存於新北市統計年報）,37.0
101,,,,,,,欄位未定義,0.0,,社福,新北市政府主計處,身心障礙人數(101年以後),2012 |  新店區,itemvalue39,是（欄位說明僅存於新北市統計年報）,31.0
101,,,,,,,欄位未定義,0.0,,社福,新北市政府主計處,身心障礙人數(101年以後),2012 |  樹林區,itemvalue39,是（欄位說明僅存於新北市統計年報）,15.0
101,,,,,,,欄位未定義,0.0,,社福,新北市政府主計處,身心障礙人數(101年以後),2012 |  鶯歌區,itemvalue39,是（欄位說明僅存於新北市統計年報）,8.0
101,,,,,,,欄位未定義,0.0,,社福,新北市政府主計處,身心障礙人數(101年以後),2012 |  三峽區,itemvalue39,是（欄位說明僅存於新北市統計年報）,18.0
101,,,,,,,欄位未定義,0.0,,社福,新北市政府主計處,身心障礙人數(101年以後),2012 |  淡水區,itemvalue39,是（欄位說明僅存於新北市統計年報）,14.0
101,,,,,,,欄位未定義,0.0,,社福,新北市政府主計處,身心障礙人數(101年以後),2012 |  汐止區,itemvalue39,是（欄位說明僅存於新北市統計年報）,16.0
101,,,,,,,欄位未定義,0.0,,社福,新北市政府主計處,身心障礙人數(101年以後),2012 |  瑞芳區,itemvalue39,是（欄位說明僅存於新北市統計年報）,3.0
101,,,,,,,欄位未定義,0.0,,社福,新北市政府主計處,身心障礙人數(101年以後),2012 |  土城區,itemvalue39,是（欄位說明僅存於新北市統計年報）,15.0
101,,,,,,,欄位未定義,0.0,,社福,新北市政府主計處,身心障礙人數(101年以後),2012 |  蘆洲區,itemvalue39,是（欄位說明僅存於新北市統計年報）,16.0
101,,,,,,,欄位未定義,0.0,,社福,新北市政府主計處,身心障礙人數(101年以後),2012 |  五股區,itemvalue39,是（欄位說明僅存於新北市統計年報）,5.0
101,,,,,,,欄位未定義,0.0,,社福,新北市政府主計處,身心障礙人數(101年以後),2012 |  泰山區,itemvalue39,是（欄位說明僅存於新北市統計年報）,8.0
101,,,,,,,欄位未定義,0.0,,社福,新北市政府主計處,身心障礙人數(101年以後),2012 |  林口區,itemvalue39,是（欄位說明僅存於新北市統計年報）,8.0
101,,,,,,,欄位未定義,0.0,,社福,新北市政府主計處,身心障礙人數(101年以後),2012 |  深坑區,itemvalue39,是（欄位說明僅存於新北市統計年報）,1.0
101,,,,,,,欄位未定義,0.0,,社福,新北市政府主計處,身心障礙人數(101年以後),2012 |  石碇區,itemvalue39,是（欄位說明僅存於新北市統計年報）,0.0
101,,,,,,,欄位未定義,0.0,,社福,新北市政府主計處,身心障礙人數(101年以後),2012 |  坪林區,itemvalue39,是（欄位說明僅存於新北市統計年報）,0.0
101,,,,,,,欄位未定義,0.0,,社福,新北市政府主計處,身心障礙人數(101年以後),2012 |  三芝區,itemvalue39,是（欄位說明僅存於新北市統計年報）,1.0
101,,,,,,,欄位未定義,0.0,,社福,新北市政府主計處,身心障礙人數(101年以後),2012 |  石門區,itemvalue39,是（欄位說明僅存於新北市統計年報）,1.0
101,,,,,,,欄位未定義,0.0,,社福,新北市政府主計處,身心障礙人數(101年以後),2012 |  八里區,itemvalue39,是（欄位說明僅存於新北市統計年報）,4.0
101,,,,,,,欄位未定義,0.0,,社福,新北市政府主計處,身心障礙人數(101年以後),2012 |  平溪區,itemvalue39,是（欄位說明僅存於新北市統計年報）,0.0
101,,,,,,,欄位未定義,0.0,,社福,新北市政府主計處,身心障礙人數(101年以後),2012 |  雙溪區,itemvalue39,是（欄位說明僅存於新北市統計年報）,0.0
101,,,,,,,欄位未定義,0.0,,社福,新北市政府主計處,身心障礙人數(101年以後),2012 |  貢寮區,itemvalue39,是（欄位說明僅存於新北市統計年報）,0.0
101,,,,,,,欄位未定義,0.0,,社福,新北市政府主計處,身心障礙人數(101年以後),2012 |  金山區,itemvalue39,是（欄位說明僅存於新北市統計年報）,2.0
101,,,,,,,欄位未定義,0.0,,社福,新北市政府主計處,身心障礙人數(101年以後),2012 |  萬里區,itemvalue39,是（欄位說明僅存於新北市統計年報）,0.0
101,,,,,,,欄位未定義,0.0,,社福,新北市政府主計處,身心障礙人數(101年以後),2012 |  烏來區,itemvalue39,是（欄位說明僅存於新北市統計年報）,1.0
101,,,,,,,欄位未定義,0.0,,社福,新北市政府主計處,身心障礙人數(101年以後),2012 |  新北市,itemvalue40,是（欄位說明僅存於新北市統計年報）,315.0
101,,,,,,,欄位未定義,0.0,,社福,新北市政府主計處,身心障礙人數(101年以後),2012 |  板橋區,itemvalue40,是（欄位說明僅存於新北市統計年報）,39.0
101,,,,,,,欄位未定義,0.0,,社福,新北市政府主計處,身心障礙人數(101年以後),2012 |  三重區,itemvalue40,是（欄位說明僅存於新北市統計年報）,38.0
101,,,,,,,欄位未定義,0.0,,社福,新北市政府主計處,身心障礙人數(101年以後),2012 |  中和區,itemvalue40,是（欄位說明僅存於新北市統計年報）,37.0
101,,,,,,,欄位未定義,0.0,,社福,新北市政府主計處,身心障礙人數(101年以後),2012 |  永和區,itemvalue40,是（欄位說明僅存於新北市統計年報）,20.0
101,,,,,,,欄位未定義,0.0,,社福,新北市政府主計處,身心障礙人數(101年以後),2012 |  新莊區,itemvalue40,是（欄位說明僅存於新北市統計年報）,37.0
101,,,,,,,欄位未定義,0.0,,社福,新北市政府主計處,身心障礙人數(101年以後),2012 |  新店區,itemvalue40,是（欄位說明僅存於新北市統計年報）,22.0
101,,,,,,,欄位未定義,0.0,,社福,新北市政府主計處,身心障礙人數(101年以後),2012 |  樹林區,itemvalue40,是（欄位說明僅存於新北市統計年報）,16.0
101,,,,,,,欄位未定義,0.0,,社福,新北市政府主計處,身心障礙人數(101年以後),2012 |  鶯歌區,itemvalue40,是（欄位說明僅存於新北市統計年報）,11.0
101,,,,,,,欄位未定義,0.0,,社福,新北市政府主計處,身心障礙人數(101年以後),2012 |  三峽區,itemvalue40,是（欄位說明僅存於新北市統計年報）,11.0
101,,,,,,,欄位未定義,0.0,,社福,新北市政府主計處,身心障礙人數(101年以後),2012 |  淡水區,itemvalue40,是（欄位說明僅存於新北市統計年報）,10.0
101,,,,,,,欄位未定義,0.0,,社福,新北市政府主計處,身心障礙人數(101年以後),2012 |  汐止區,itemvalue40,是（欄位說明僅存於新北市統計年報）,6.0
101,,,,,,,欄位未定義,0.0,,社福,新北市政府主計處,身心障礙人數(101年以後),2012 |  瑞芳區,itemvalue40,是（欄位說明僅存於新北市統計年報）,1.0
101,,,,,,,欄位未定義,0.0,,社福,新北市政府主計處,身心障礙人數(101年以後),2012 |  土城區,itemvalue40,是（欄位說明僅存於新北市統計年報）,16.0
101,,,,,,,欄位未定義,0.0,,社福,新北市政府主計處,身心障礙人數(101年以後),2012 |  蘆洲區,itemvalue40,是（欄位說明僅存於新北市統計年報）,19.0
101,,,,,,,欄位未定義,0.0,,社福,新北市政府主計處,身心障礙人數(101年以後),2012 |  五股區,itemvalue40,是（欄位說明僅存於新北市統計年報）,6.0
101,,,,,,,欄位未定義,0.0,,社福,新北市政府主計處,身心障礙人數(101年以後),2012 |  泰山區,itemvalue40,是（欄位說明僅存於新北市統計年報）,11.0
101,,,,,,,欄位未定義,0.0,,社福,新北市政府主計處,身心障礙人數(101年以後),2012 |  林口區,itemvalue40,是（欄位說明僅存於新北市統計年報）,1.0
101,,,,,,,欄位未定義,0.0,,社福,新北市政府主計處,身心障礙人數(101年以後),2012 |  深坑區,itemvalue40,是（欄位說明僅存於新北市統計年報）,3.0
101,,,,,,,欄位未定義,0.0,,社福,新北市政府主計處,身心障礙人數(101年以後),2012 |  石碇區,itemvalue40,是（欄位說明僅存於新北市統計年報）,1.0
101,,,,,,,欄位未定義,0.0,,社福,新北市政府主計處,身心障礙人數(101年以後),2012 |  坪林區,itemvalue40,是（欄位說明僅存於新北市統計年報）,0.0
101,,,,,,,欄位未定義,0.0,,社福,新北市政府主計處,身心障礙人數(101年以後),2012 |  三芝區,itemvalue40,是（欄位說明僅存於新北市統計年報）,1.0
101,,,,,,,欄位未定義,0.0,,社福,新北市政府主計處,身心障礙人數(101年以後),2012 |  石門區,itemvalue40,是（欄位說明僅存於新北市統計年報）,0.0
101,,,,,,,欄位未定義,0.0,,社福,新北市政府主計處,身心障礙人數(101年以後),2012 |  八里區,itemvalue40,是（欄位說明僅存於新北市統計年報）,2.0
101,,,,,,,欄位未定義,0.0,,社福,新北市政府主計處,身心障礙人數(101年以後),2012 |  平溪區,itemvalue40,是（欄位說明僅存於新北市統計年報）,0.0
101,,,,,,,欄位未定義,0.0,,社福,新北市政府主計處,身心障礙人數(101年以後),2012 |  雙溪區,itemvalue40,是（欄位說明僅存於新北市統計年報）,1.0
101,,,,,,,欄位未定義,0.0,,社福,新北市政府主計處,身心障礙人數(101年以後),2012 |  貢寮區,itemvalue40,是（欄位說明僅存於新北市統計年報）,2.0
101,,,,,,,欄位未定義,0.0,,社福,新北市政府主計處,身心障礙人數(101年以後),2012 |  金山區,itemvalue40,是（欄位說明僅存於新北市統計年報）,3.0
101,,,,,,,欄位未定義,0.0,,社福,新北市政府主計處,身心障礙人數(101年以後),2012 |  萬里區,itemvalue40,是（欄位說明僅存於新北市統計年報）,0.0
101,,,,,,,欄位未定義,0.0,,社福,新北市政府主計處,身心障礙人數(101年以後),2012 |  烏來區,itemvalue40,是（欄位說明僅存於新北市統計年報）,1.0
101,,,,,,,欄位未定義,0.0,,社福,新北市政府主計處,身心障礙人數(101年以後),2012 |  新北市,itemvalue41,是（欄位說明僅存於新北市統計年報）,13385.0
101,,,,,,,欄位未定義,0.0,,社福,新北市政府主計處,身心障礙人數(101年以後),2012 |  板橋區,itemvalue41,是（欄位說明僅存於新北市統計年報）,1777.0
101,,,,,,,欄位未定義,0.0,,社福,新北市政府主計處,身心障礙人數(101年以後),2012 |  三重區,itemvalue41,是（欄位說明僅存於新北市統計年報）,1429.0
101,,,,,,,欄位未定義,0.0,,社福,新北市政府主計處,身心障礙人數(101年以後),2012 |  中和區,itemvalue41,是（欄位說明僅存於新北市統計年報）,1547.0
101,,,,,,,欄位未定義,0.0,,社福,新北市政府主計處,身心障礙人數(101年以後),2012 |  永和區,itemvalue41,是（欄位說明僅存於新北市統計年報）,759.0
101,,,,,,,欄位未定義,0.0,,社福,新北市政府主計處,身心障礙人數(101年以後),2012 |  新莊區,itemvalue41,是（欄位說明僅存於新北市統計年報）,1196.0
101,,,,,,,欄位未定義,0.0,,社福,新北市政府主計處,身心障礙人數(101年以後),2012 |  新店區,itemvalue41,是（欄位說明僅存於新北市統計年報）,1080.0
101,,,,,,,欄位未定義,0.0,,社福,新北市政府主計處,身心障礙人數(101年以後),2012 |  樹林區,itemvalue41,是（欄位說明僅存於新北市統計年報）,538.0
101,,,,,,,欄位未定義,0.0,,社福,新北市政府主計處,身心障礙人數(101年以後),2012 |  鶯歌區,itemvalue41,是（欄位說明僅存於新北市統計年報）,348.0
101,,,,,,,欄位未定義,0.0,,社福,新北市政府主計處,身心障礙人數(101年以後),2012 |  三峽區,itemvalue41,是（欄位說明僅存於新北市統計年報）,436.0
101,,,,,,,欄位未定義,0.0,,社福,新北市政府主計處,身心障礙人數(101年以後),2012 |  淡水區,itemvalue41,是（欄位說明僅存於新北市統計年報）,490.0
101,,,,,,,欄位未定義,0.0,,社福,新北市政府主計處,身心障礙人數(101年以後),2012 |  汐止區,itemvalue41,是（欄位說明僅存於新北市統計年報）,649.0
101,,,,,,,欄位未定義,0.0,,社福,新北市政府主計處,身心障礙人數(101年以後),2012 |  瑞芳區,itemvalue41,是（欄位說明僅存於新北市統計年報）,227.0
101,,,,,,,欄位未定義,0.0,,社福,新北市政府主計處,身心障礙人數(101年以後),2012 |  土城區,itemvalue41,是（欄位說明僅存於新北市統計年報）,736.0
101,,,,,,,欄位未定義,0.0,,社福,新北市政府主計處,身心障礙人數(101年以後),2012 |  蘆洲區,itemvalue41,是（欄位說明僅存於新北市統計年報）,576.0
101,,,,,,,欄位未定義,0.0,,社福,新北市政府主計處,身心障礙人數(101年以後),2012 |  五股區,itemvalue41,是（欄位說明僅存於新北市統計年報）,311.0
101,,,,,,,欄位未定義,0.0,,社福,新北市政府主計處,身心障礙人數(101年以後),2012 |  泰山區,itemvalue41,是（欄位說明僅存於新北市統計年報）,220.0
101,,,,,,,欄位未定義,0.0,,社福,新北市政府主計處,身心障礙人數(101年以後),2012 |  林口區,itemvalue41,是（欄位說明僅存於新北市統計年報）,200.0
101,,,,,,,欄位未定義,0.0,,社福,新北市政府主計處,身心障礙人數(101年以後),2012 |  深坑區,itemvalue41,是（欄位說明僅存於新北市統計年報）,87.0
101,,,,,,,欄位未定義,0.0,,社福,新北市政府主計處,身心障礙人數(101年以後),2012 |  石碇區,itemvalue41,是（欄位說明僅存於新北市統計年報）,58.0
101,,,,,,,欄位未定義,0.0,,社福,新北市政府主計處,身心障礙人數(101年以後),2012 |  坪林區,itemvalue41,是（欄位說明僅存於新北市統計年報）,27.0
101,,,,,,,欄位未定義,0.0,,社福,新北市政府主計處,身心障礙人數(101年以後),2012 |  三芝區,itemvalue41,是（欄位說明僅存於新北市統計年報）,117.0
101,,,,,,,欄位未定義,0.0,,社福,新北市政府主計處,身心障礙人數(101年以後),2012 |  石門區,itemvalue41,是（欄位說明僅存於新北市統計年報）,45.0
101,,,,,,,欄位未定義,0.0,,社福,新北市政府主計處,身心障礙人數(101年以後),2012 |  八里區,itemvalue41,是（欄位說明僅存於新北市統計年報）,135.0
101,,,,,,,欄位未定義,0.0,,社福,新北市政府主計處,身心障礙人數(101年以後),2012 |  平溪區,itemvalue41,是（欄位說明僅存於新北市統計年報）,43.0
101,,,,,,,欄位未定義,0.0,,社福,新北市政府主計處,身心障礙人數(101年以後),2012 |  雙溪區,itemvalue41,是（欄位說明僅存於新北市統計年報）,56.0
101,,,,,,,欄位未定義,0.0,,社福,新北市政府主計處,身心障礙人數(101年以後),2012 |  貢寮區,itemvalue41,是（欄位說明僅存於新北市統計年報）,69.0
101,,,,,,,欄位未定義,0.0,,社福,新北市政府主計處,身心障礙人數(101年以後),2012 |  金山區,itemvalue41,是（欄位說明僅存於新北市統計年報）,84.0
101,,,,,,,欄位未定義,0.0,,社福,新北市政府主計處,身心障礙人數(101年以後),2012 |  萬里區,itemvalue41,是（欄位說明僅存於新北市統計年報）,124.0
101,,,,,,,欄位未定義,0.0,,社福,新北市政府主計處,身心障礙人數(101年以後),2012 |  烏來區,itemvalue41,是（欄位說明僅存於新北市統計年報）,21.0
101,,,,,,,欄位未定義,0.0,,社福,新北市政府主計處,身心障礙人數(101年以後),2012 |  新北市,itemvalue42,是（欄位說明僅存於新北市統計年報）,7501.0
101,,,,,,,欄位未定義,0.0,,社福,新北市政府主計處,身心障礙人數(101年以後),2012 |  板橋區,itemvalue42,是（欄位說明僅存於新北市統計年報）,1003.0
101,,,,,,,欄位未定義,0.0,,社福,新北市政府主計處,身心障礙人數(101年以後),2012 |  三重區,itemvalue42,是（欄位說明僅存於新北市統計年報）,788.0
101,,,,,,,欄位未定義,0.0,,社福,新北市政府主計處,身心障礙人數(101年以後),2012 |  中和區,itemvalue42,是（欄位說明僅存於新北市統計年報）,855.0
101,,,,,,,欄位未定義,0.0,,社福,新北市政府主計處,身心障礙人數(101年以後),2012 |  永和區,itemvalue42,是（欄位說明僅存於新北市統計年報）,435.0
101,,,,,,,欄位未定義,0.0,,社福,新北市政府主計處,身心障礙人數(101年以後),2012 |  新莊區,itemvalue42,是（欄位說明僅存於新北市統計年報）,696.0
101,,,,,,,欄位未定義,0.0,,社福,新北市政府主計處,身心障礙人數(101年以後),2012 |  新店區,itemvalue42,是（欄位說明僅存於新北市統計年報）,567.0
101,,,,,,,欄位未定義,0.0,,社福,新北市政府主計處,身心障礙人數(101年以後),2012 |  樹林區,itemvalue42,是（欄位說明僅存於新北市統計年報）,300.0
101,,,,,,,欄位未定義,0.0,,社福,新北市政府主計處,身心障礙人數(101年以後),2012 |  鶯歌區,itemvalue42,是（欄位說明僅存於新北市統計年報）,199.0
101,,,,,,,欄位未定義,0.0,,社福,新北市政府主計處,身心障礙人數(101年以後),2012 |  三峽區,itemvalue42,是（欄位說明僅存於新北市統計年報）,246.0
101,,,,,,,欄位未定義,0.0,,社福,新北市政府主計處,身心障礙人數(101年以後),2012 |  淡水區,itemvalue42,是（欄位說明僅存於新北市統計年報）,277.0
101,,,,,,,欄位未定義,0.0,,社福,新北市政府主計處,身心障礙人數(101年以後),2012 |  汐止區,itemvalue42,是（欄位說明僅存於新北市統計年報）,356.0
101,,,,,,,欄位未定義,0.0,,社福,新北市政府主計處,身心障礙人數(101年以後),2012 |  瑞芳區,itemvalue42,是（欄位說明僅存於新北市統計年報）,119.0
101,,,,,,,欄位未定義,0.0,,社福,新北市政府主計處,身心障礙人數(101年以後),2012 |  土城區,itemvalue42,是（欄位說明僅存於新北市統計年報）,428.0
101,,,,,,,欄位未定義,0.0,,社福,新北市政府主計處,身心障礙人數(101年以後),2012 |  蘆洲區,itemvalue42,是（欄位說明僅存於新北市統計年報）,314.0
101,,,,,,,欄位未定義,0.0,,社福,新北市政府主計處,身心障礙人數(101年以後),2012 |  五股區,itemvalue42,是（欄位說明僅存於新北市統計年報）,195.0
101,,,,,,,欄位未定義,0.0,,社福,新北市政府主計處,身心障礙人數(101年以後),2012 |  泰山區,itemvalue42,是（欄位說明僅存於新北市統計年報）,130.0
101,,,,,,,欄位未定義,0.0,,社福,新北市政府主計處,身心障礙人數(101年以後),2012 |  林口區,itemvalue42,是（欄位說明僅存於新北市統計年報）,108.0
101,,,,,,,欄位未定義,0.0,,社福,新北市政府主計處,身心障礙人數(101年以後),2012 |  深坑區,itemvalue42,是（欄位說明僅存於新北市統計年報）,44.0
101,,,,,,,欄位未定義,0.0,,社福,新北市政府主計處,身心障礙人數(101年以後),2012 |  石碇區,itemvalue42,是（欄位說明僅存於新北市統計年報）,32.0
101,,,,,,,欄位未定義,0.0,,社福,新北市政府主計處,身心障礙人數(101年以後),2012 |  坪林區,itemvalue42,是（欄位說明僅存於新北市統計年報）,18.0
101,,,,,,,欄位未定義,0.0,,社福,新北市政府主計處,身心障礙人數(101年以後),2012 |  三芝區,itemvalue42,是（欄位說明僅存於新北市統計年報）,68.0
101,,,,,,,欄位未定義,0.0,,社福,新北市政府主計處,身心障礙人數(101年以後),2012 |  石門區,itemvalue42,是（欄位說明僅存於新北市統計年報）,25.0
101,,,,,,,欄位未定義,0.0,,社福,新北市政府主計處,身心障礙人數(101年以後),2012 |  八里區,itemvalue42,是（欄位說明僅存於新北市統計年報）,76.0
101,,,,,,,欄位未定義,0.0,,社福,新北市政府主計處,身心障礙人數(101年以後),2012 |  平溪區,itemvalue42,是（欄位說明僅存於新北市統計年報）,27.0
101,,,,,,,欄位未定義,0.0,,社福,新北市政府主計處,身心障礙人數(101年以後),2012 |  雙溪區,itemvalue42,是（欄位說明僅存於新北市統計年報）,30.0
101,,,,,,,欄位未定義,0.0,,社福,新北市政府主計處,身心障礙人數(101年以後),2012 |  貢寮區,itemvalue42,是（欄位說明僅存於新北市統計年報）,37.0
101,,,,,,,欄位未定義,0.0,,社福,新北市政府主計處,身心障礙人數(101年以後),2012 |  金山區,itemvalue42,是（欄位說明僅存於新北市統計年報）,44.0
101,,,,,,,欄位未定義,0.0,,社福,新北市政府主計處,身心障礙人數(101年以後),2012 |  萬里區,itemvalue42,是（欄位說明僅存於新北市統計年報）,71.0
101,,,,,,,欄位未定義,0.0,,社福,新北市政府主計處,身心障礙人數(101年以後),2012 |  烏來區,itemvalue42,是（欄位說明僅存於新北市統計年報）,13.0
101,,,,,,,欄位未定義,0.0,,社福,新北市政府主計處,身心障礙人數(101年以後),2012 |  新北市,itemvalue43,是（欄位說明僅存於新北市統計年報）,5884.0
101,,,,,,,欄位未定義,0.0,,社福,新北市政府主計處,身心障礙人數(101年以後),2012 |  板橋區,itemvalue43,是（欄位說明僅存於新北市統計年報）,774.0
101,,,,,,,欄位未定義,0.0,,社福,新北市政府主計處,身心障礙人數(101年以後),2012 |  三重區,itemvalue43,是（欄位說明僅存於新北市統計年報）,641.0
101,,,,,,,欄位未定義,0.0,,社福,新北市政府主計處,身心障礙人數(101年以後),2012 |  中和區,itemvalue43,是（欄位說明僅存於新北市統計年報）,692.0
101,,,,,,,欄位未定義,0.0,,社福,新北市政府主計處,身心障礙人數(101年以後),2012 |  永和區,itemvalue43,是（欄位說明僅存於新北市統計年報）,324.0
101,,,,,,,欄位未定義,0.0,,社福,新北市政府主計處,身心障礙人數(101年以後),2012 |  新莊區,itemvalue43,是（欄位說明僅存於新北市統計年報）,500.0
101,,,,,,,欄位未定義,0.0,,社福,新北市政府主計處,身心障礙人數(101年以後),2012 |  新店區,itemvalue43,是（欄位說明僅存於新北市統計年報）,513.0
101,,,,,,,欄位未定義,0.0,,社福,新北市政府主計處,身心障礙人數(101年以後),2012 |  樹林區,itemvalue43,是（欄位說明僅存於新北市統計年報）,238.0
101,,,,,,,欄位未定義,0.0,,社福,新北市政府主計處,身心障礙人數(101年以後),2012 |  鶯歌區,itemvalue43,是（欄位說明僅存於新北市統計年報）,149.0
101,,,,,,,欄位未定義,0.0,,社福,新北市政府主計處,身心障礙人數(101年以後),2012 |  三峽區,itemvalue43,是（欄位說明僅存於新北市統計年報）,190.0
101,,,,,,,欄位未定義,0.0,,社福,新北市政府主計處,身心障礙人數(101年以後),2012 |  淡水區,itemvalue43,是（欄位說明僅存於新北市統計年報）,213.0
101,,,,,,,欄位未定義,0.0,,社福,新北市政府主計處,身心障礙人數(101年以後),2012 |  汐止區,itemvalue43,是（欄位說明僅存於新北市統計年報）,293.0
101,,,,,,,欄位未定義,0.0,,社福,新北市政府主計處,身心障礙人數(101年以後),2012 |  瑞芳區,itemvalue43,是（欄位說明僅存於新北市統計年報）,108.0
101,,,,,,,欄位未定義,0.0,,社福,新北市政府主計處,身心障礙人數(101年以後),2012 |  土城區,itemvalue43,是（欄位說明僅存於新北市統計年報）,308.0
101,,,,,,,欄位未定義,0.0,,社福,新北市政府主計處,身心障礙人數(101年以後),2012 |  蘆洲區,itemvalue43,是（欄位說明僅存於新北市統計年報）,262.0
101,,,,,,,欄位未定義,0.0,,社福,新北市政府主計處,身心障礙人數(101年以後),2012 |  五股區,itemvalue43,是（欄位說明僅存於新北市統計年報）,116.0
101,,,,,,,欄位未定義,0.0,,社福,新北市政府主計處,身心障礙人數(101年以後),2012 |  泰山區,itemvalue43,是（欄位說明僅存於新北市統計年報）,90.0
101,,,,,,,欄位未定義,0.0,,社福,新北市政府主計處,身心障礙人數(101年以後),2012 |  林口區,itemvalue43,是（欄位說明僅存於新北市統計年報）,92.0
101,,,,,,,欄位未定義,0.0,,社福,新北市政府主計處,身心障礙人數(101年以後),2012 |  深坑區,itemvalue43,是（欄位說明僅存於新北市統計年報）,43.0
101,,,,,,,欄位未定義,0.0,,社福,新北市政府主計處,身心障礙人數(101年以後),2012 |  石碇區,itemvalue43,是（欄位說明僅存於新北市統計年報）,26.0
101,,,,,,,欄位未定義,0.0,,社福,新北市政府主計處,身心障礙人數(101年以後),2012 |  坪林區,itemvalue43,是（欄位說明僅存於新北市統計年報）,9.0
101,,,,,,,欄位未定義,0.0,,社福,新北市政府主計處,身心障礙人數(101年以後),2012 |  三芝區,itemvalue43,是（欄位說明僅存於新北市統計年報）,49.0
101,,,,,,,欄位未定義,0.0,,社福,新北市政府主計處,身心障礙人數(101年以後),2012 |  石門區,itemvalue43,是（欄位說明僅存於新北市統計年報）,20.0
101,,,,,,,欄位未定義,0.0,,社福,新北市政府主計處,身心障礙人數(101年以後),2012 |  八里區,itemvalue43,是（欄位說明僅存於新北市統計年報）,59.0
101,,,,,,,欄位未定義,0.0,,社福,新北市政府主計處,身心障礙人數(101年以後),2012 |  平溪區,itemvalue43,是（欄位說明僅存於新北市統計年報）,16.0
101,,,,,,,欄位未定義,0.0,,社福,新北市政府主計處,身心障礙人數(101年以後),2012 |  雙溪區,itemvalue43,是（欄位說明僅存於新北市統計年報）,26.0
101,,,,,,,欄位未定義,0.0,,社福,新北市政府主計處,身心障礙人數(101年以後),2012 |  貢寮區,itemvalue43,是（欄位說明僅存於新北市統計年報）,32.0
101,,,,,,,欄位未定義,0.0,,社福,新北市政府主計處,身心障礙人數(101年以後),2012 |  金山區,itemvalue43,是（欄位說明僅存於新北市統計年報）,40.0
101,,,,,,,欄位未定義,0.0,,社福,新北市政府主計處,身心障礙人數(101年以後),2012 |  萬里區,itemvalue43,是（欄位說明僅存於新北市統計年報）,53.0
101,,,,,,,欄位未定義,0.0,,社福,新北市政府主計處,身心障礙人數(101年以後),2012 |  烏來區,itemvalue43,是（欄位說明僅存於新北市統計年報）,8.0
101,,,,,,,欄位未定義,0.0,,社福,新北市政府主計處,身心障礙人數(101年以後),2012 |  新北市,itemvalue44,是（欄位說明僅存於新北市統計年報）,3261.0
101,,,,,,,欄位未定義,0.0,,社福,新北市政府主計處,身心障礙人數(101年以後),2012 |  板橋區,itemvalue44,是（欄位說明僅存於新北市統計年報）,395.0
101,,,,,,,欄位未定義,0.0,,社福,新北市政府主計處,身心障礙人數(101年以後),2012 |  三重區,itemvalue44,是（欄位說明僅存於新北市統計年報）,321.0
101,,,,,,,欄位未定義,0.0,,社福,新北市政府主計處,身心障礙人數(101年以後),2012 |  中和區,itemvalue44,是（欄位說明僅存於新北市統計年報）,367.0
101,,,,,,,欄位未定義,0.0,,社福,新北市政府主計處,身心障礙人數(101年以後),2012 |  永和區,itemvalue44,是（欄位說明僅存於新北市統計年報）,187.0
101,,,,,,,欄位未定義,0.0,,社福,新北市政府主計處,身心障礙人數(101年以後),2012 |  新莊區,itemvalue44,是（欄位說明僅存於新北市統計年報）,333.0
101,,,,,,,欄位未定義,0.0,,社福,新北市政府主計處,身心障礙人數(101年以後),2012 |  新店區,itemvalue44,是（欄位說明僅存於新北市統計年報）,224.0
101,,,,,,,欄位未定義,0.0,,社福,新北市政府主計處,身心障礙人數(101年以後),2012 |  樹林區,itemvalue44,是（欄位說明僅存於新北市統計年報）,127.0
101,,,,,,,欄位未定義,0.0,,社福,新北市政府主計處,身心障礙人數(101年以後),2012 |  鶯歌區,itemvalue44,是（欄位說明僅存於新北市統計年報）,84.0
101,,,,,,,欄位未定義,0.0,,社福,新北市政府主計處,身心障礙人數(101年以後),2012 |  三峽區,itemvalue44,是（欄位說明僅存於新北市統計年報）,121.0
101,,,,,,,欄位未定義,0.0,,社福,新北市政府主計處,身心障礙人數(101年以後),2012 |  淡水區,itemvalue44,是（欄位說明僅存於新北市統計年報）,123.0
101,,,,,,,欄位未定義,0.0,,社福,新北市政府主計處,身心障礙人數(101年以後),2012 |  汐止區,itemvalue44,是（欄位說明僅存於新北市統計年報）,147.0
101,,,,,,,欄位未定義,0.0,,社福,新北市政府主計處,身心障礙人數(101年以後),2012 |  瑞芳區,itemvalue44,是（欄位說明僅存於新北市統計年報）,59.0
101,,,,,,,欄位未定義,0.0,,社福,新北市政府主計處,身心障礙人數(101年以後),2012 |  土城區,itemvalue44,是（欄位說明僅存於新北市統計年報）,179.0
101,,,,,,,欄位未定義,0.0,,社福,新北市政府主計處,身心障礙人數(101年以後),2012 |  蘆洲區,itemvalue44,是（欄位說明僅存於新北市統計年報）,140.0
101,,,,,,,欄位未定義,0.0,,社福,新北市政府主計處,身心障礙人數(101年以後),2012 |  五股區,itemvalue44,是（欄位說明僅存於新北市統計年報）,98.0
101,,,,,,,欄位未定義,0.0,,社福,新北市政府主計處,身心障礙人數(101年以後),2012 |  泰山區,itemvalue44,是（欄位說明僅存於新北市統計年報）,76.0
101,,,,,,,欄位未定義,0.0,,社福,新北市政府主計處,身心障礙人數(101年以後),2012 |  林口區,itemvalue44,是（欄位說明僅存於新北市統計年報）,50.0
101,,,,,,,欄位未定義,0.0,,社福,新北市政府主計處,身心障礙人數(101年以後),2012 |  深坑區,itemvalue44,是（欄位說明僅存於新北市統計年報）,22.0
101,,,,,,,欄位未定義,0.0,,社福,新北市政府主計處,身心障礙人數(101年以後),2012 |  石碇區,itemvalue44,是（欄位說明僅存於新北市統計年報）,13.0
101,,,,,,,欄位未定義,0.0,,社福,新北市政府主計處,身心障礙人數(101年以後),2012 |  坪林區,itemvalue44,是（欄位說明僅存於新北市統計年報）,9.0
101,,,,,,,欄位未定義,0.0,,社福,新北市政府主計處,身心障礙人數(101年以後),2012 |  三芝區,itemvalue44,是（欄位說明僅存於新北市統計年報）,31.0
101,,,,,,,欄位未定義,0.0,,社福,新北市政府主計處,身心障礙人數(101年以後),2012 |  石門區,itemvalue44,是（欄位說明僅存於新北市統計年報）,8.0
101,,,,,,,欄位未定義,0.0,,社福,新北市政府主計處,身心障礙人數(101年以後),2012 |  八里區,itemvalue44,是（欄位說明僅存於新北市統計年報）,31.0
101,,,,,,,欄位未定義,0.0,,社福,新北市政府主計處,身心障礙人數(101年以後),2012 |  平溪區,itemvalue44,是（欄位說明僅存於新北市統計年報）,14.0
101,,,,,,,欄位未定義,0.0,,社福,新北市政府主計處,身心障礙人數(101年以後),2012 |  雙溪區,itemvalue44,是（欄位說明僅存於新北市統計年報）,14.0
101,,,,,,,欄位未定義,0.0,,社福,新北市政府主計處,身心障礙人數(101年以後),2012 |  貢寮區,itemvalue44,是（欄位說明僅存於新北市統計年報）,21.0
101,,,,,,,欄位未定義,0.0,,社福,新北市政府主計處,身心障礙人數(101年以後),2012 |  金山區,itemvalue44,是（欄位說明僅存於新北市統計年報）,22.0
101,,,,,,,欄位未定義,0.0,,社福,新北市政府主計處,身心障礙人數(101年以後),2012 |  萬里區,itemvalue44,是（欄位說明僅存於新北市統計年報）,39.0
101,,,,,,,欄位未定義,0.0,,社福,新北市政府主計處,身心障礙人數(101年以後),2012 |  烏來區,itemvalue44,是（欄位說明僅存於新北市統計年報）,6.0
101,,,,,,,欄位未定義,0.0,,社福,新北市政府主計處,身心障礙人數(101年以後),2012 |  新北市,itemvalue45,是（欄位說明僅存於新北市統計年報）,3177.0
101,,,,,,,欄位未定義,0.0,,社福,新北市政府主計處,身心障礙人數(101年以後),2012 |  板橋區,itemvalue45,是（欄位說明僅存於新北市統計年報）,388.0
101,,,,,,,欄位未定義,0.0,,社福,新北市政府主計處,身心障礙人數(101年以後),2012 |  三重區,itemvalue45,是（欄位說明僅存於新北市統計年報）,327.0
101,,,,,,,欄位未定義,0.0,,社福,新北市政府主計處,身心障礙人數(101年以後),2012 |  中和區,itemvalue45,是（欄位說明僅存於新北市統計年報）,368.0
101,,,,,,,欄位未定義,0.0,,社福,新北市政府主計處,身心障礙人數(101年以後),2012 |  永和區,itemvalue45,是（欄位說明僅存於新北市統計年報）,182.0
101,,,,,,,欄位未定義,0.0,,社福,新北市政府主計處,身心障礙人數(101年以後),2012 |  新莊區,itemvalue45,是（欄位說明僅存於新北市統計年報）,271.0
101,,,,,,,欄位未定義,0.0,,社福,新北市政府主計處,身心障礙人數(101年以後),2012 |  新店區,itemvalue45,是（欄位說明僅存於新北市統計年報）,253.0
101,,,,,,,欄位未定義,0.0,,社福,新北市政府主計處,身心障礙人數(101年以後),2012 |  樹林區,itemvalue45,是（欄位說明僅存於新北市統計年報）,121.0
101,,,,,,,欄位未定義,0.0,,社福,新北市政府主計處,身心障礙人數(101年以後),2012 |  鶯歌區,itemvalue45,是（欄位說明僅存於新北市統計年報）,92.0
101,,,,,,,欄位未定義,0.0,,社福,新北市政府主計處,身心障礙人數(101年以後),2012 |  三峽區,itemvalue45,是（欄位說明僅存於新北市統計年報）,120.0
101,,,,,,,欄位未定義,0.0,,社福,新北市政府主計處,身心障礙人數(101年以後),2012 |  淡水區,itemvalue45,是（欄位說明僅存於新北市統計年報）,115.0
101,,,,,,,欄位未定義,0.0,,社福,新北市政府主計處,身心障礙人數(101年以後),2012 |  汐止區,itemvalue45,是（欄位說明僅存於新北市統計年報）,152.0
101,,,,,,,欄位未定義,0.0,,社福,新北市政府主計處,身心障礙人數(101年以後),2012 |  瑞芳區,itemvalue45,是（欄位說明僅存於新北市統計年報）,62.0
101,,,,,,,欄位未定義,0.0,,社福,新北市政府主計處,身心障礙人數(101年以後),2012 |  土城區,itemvalue45,是（欄位說明僅存於新北市統計年報）,170.0
101,,,,,,,欄位未定義,0.0,,社福,新北市政府主計處,身心障礙人數(101年以後),2012 |  蘆洲區,itemvalue45,是（欄位說明僅存於新北市統計年報）,157.0
101,,,,,,,欄位未定義,0.0,,社福,新北市政府主計處,身心障礙人數(101年以後),2012 |  五股區,itemvalue45,是（欄位說明僅存於新北市統計年報）,80.0
101,,,,,,,欄位未定義,0.0,,社福,新北市政府主計處,身心障礙人數(101年以後),2012 |  泰山區,itemvalue45,是（欄位說明僅存於新北市統計年報）,53.0
101,,,,,,,欄位未定義,0.0,,社福,新北市政府主計處,身心障礙人數(101年以後),2012 |  林口區,itemvalue45,是（欄位說明僅存於新北市統計年報）,58.0
101,,,,,,,欄位未定義,0.0,,社福,新北市政府主計處,身心障礙人數(101年以後),2012 |  深坑區,itemvalue45,是（欄位說明僅存於新北市統計年報）,24.0
101,,,,,,,欄位未定義,0.0,,社福,新北市政府主計處,身心障礙人數(101年以後),2012 |  石碇區,itemvalue45,是（欄位說明僅存於新北市統計年報）,13.0
101,,,,,,,欄位未定義,0.0,,社福,新北市政府主計處,身心障礙人數(101年以後),2012 |  坪林區,itemvalue45,是（欄位說明僅存於新北市統計年報）,2.0
101,,,,,,,欄位未定義,0.0,,社福,新北市政府主計處,身心障礙人數(101年以後),2012 |  三芝區,itemvalue45,是（欄位說明僅存於新北市統計年報）,30.0
101,,,,,,,欄位未定義,0.0,,社福,新北市政府主計處,身心障礙人數(101年以後),2012 |  石門區,itemvalue45,是（欄位說明僅存於新北市統計年報）,13.0
101,,,,,,,欄位未定義,0.0,,社福,新北市政府主計處,身心障礙人數(101年以後),2012 |  八里區,itemvalue45,是（欄位說明僅存於新北市統計年報）,30.0
101,,,,,,,欄位未定義,0.0,,社福,新北市政府主計處,身心障礙人數(101年以後),2012 |  平溪區,itemvalue45,是（欄位說明僅存於新北市統計年報）,5.0
101,,,,,,,欄位未定義,0.0,,社福,新北市政府主計處,身心障礙人數(101年以後),2012 |  雙溪區,itemvalue45,是（欄位說明僅存於新北市統計年報）,15.0
101,,,,,,,欄位未定義,0.0,,社福,新北市政府主計處,身心障礙人數(101年以後),2012 |  貢寮區,itemvalue45,是（欄位說明僅存於新北市統計年報）,12.0
101,,,,,,,欄位未定義,0.0,,社福,新北市政府主計處,身心障礙人數(101年以後),2012 |  金山區,itemvalue45,是（欄位說明僅存於新北市統計年報）,24.0
101,,,,,,,欄位未定義,0.0,,社福,新北市政府主計處,身心障礙人數(101年以後),2012 |  萬里區,itemvalue45,是（欄位說明僅存於新北市統計年報）,34.0
101,,,,,,,欄位未定義,0.0,,社福,新北市政府主計處,身心障礙人數(101年以後),2012 |  烏來區,itemvalue45,是（欄位說明僅存於新北市統計年報）,6.0
101,,,,,,,欄位未定義,0.0,,社福,新北市政府主計處,身心障礙人數(101年以後),2012 |  新北市,itemvalue46,是（欄位說明僅存於新北市統計年報）,852.0
101,,,,,,,欄位未定義,0.0,,社福,新北市政府主計處,身心障礙人數(101年以後),2012 |  板橋區,itemvalue46,是（欄位說明僅存於新北市統計年報）,131.0
101,,,,,,,欄位未定義,0.0,,社福,新北市政府主計處,身心障礙人數(101年以後),2012 |  三重區,itemvalue46,是（欄位說明僅存於新北市統計年報）,115.0
101,,,,,,,欄位未定義,0.0,,社福,新北市政府主計處,身心障礙人數(101年以後),2012 |  中和區,itemvalue46,是（欄位說明僅存於新北市統計年報）,82.0
101,,,,,,,欄位未定義,0.0,,社福,新北市政府主計處,身心障礙人數(101年以後),2012 |  永和區,itemvalue46,是（欄位說明僅存於新北市統計年報）,48.0
101,,,,,,,欄位未定義,0.0,,社福,新北市政府主計處,身心障礙人數(101年以後),2012 |  新莊區,itemvalue46,是（欄位說明僅存於新北市統計年報）,73.0
101,,,,,,,欄位未定義,0.0,,社福,新北市政府主計處,身心障礙人數(101年以後),2012 |  新店區,itemvalue46,是（欄位說明僅存於新北市統計年報）,58.0
101,,,,,,,欄位未定義,0.0,,社福,新北市政府主計處,身心障礙人數(101年以後),2012 |  樹林區,itemvalue46,是（欄位說明僅存於新北市統計年報）,33.0
101,,,,,,,欄位未定義,0.0,,社福,新北市政府主計處,身心障礙人數(101年以後),2012 |  鶯歌區,itemvalue46,是（欄位說明僅存於新北市統計年報）,24.0
101,,,,,,,欄位未定義,0.0,,社福,新北市政府主計處,身心障礙人數(101年以後),2012 |  三峽區,itemvalue46,是（欄位說明僅存於新北市統計年報）,25.0
101,,,,,,,欄位未定義,0.0,,社福,新北市政府主計處,身心障礙人數(101年以後),2012 |  淡水區,itemvalue46,是（欄位說明僅存於新北市統計年報）,33.0
101,,,,,,,欄位未定義,0.0,,社福,新北市政府主計處,身心障礙人數(101年以後),2012 |  汐止區,itemvalue46,是（欄位說明僅存於新北市統計年報）,39.0
101,,,,,,,欄位未定義,0.0,,社福,新北市政府主計處,身心障礙人數(101年以後),2012 |  瑞芳區,itemvalue46,是（欄位說明僅存於新北市統計年報）,14.0
101,,,,,,,欄位未定義,0.0,,社福,新北市政府主計處,身心障礙人數(101年以後),2012 |  土城區,itemvalue46,是（欄位說明僅存於新北市統計年報）,48.0
101,,,,,,,欄位未定義,0.0,,社福,新北市政府主計處,身心障礙人數(101年以後),2012 |  蘆洲區,itemvalue46,是（欄位說明僅存於新北市統計年報）,29.0
101,,,,,,,欄位未定義,0.0,,社福,新北市政府主計處,身心障礙人數(101年以後),2012 |  五股區,itemvalue46,是（欄位說明僅存於新北市統計年報）,21.0
101,,,,,,,欄位未定義,0.0,,社福,新北市政府主計處,身心障礙人數(101年以後),2012 |  泰山區,itemvalue46,是（欄位說明僅存於新北市統計年報）,13.0
101,,,,,,,欄位未定義,0.0,,社福,新北市政府主計處,身心障礙人數(101年以後),2012 |  林口區,itemvalue46,是（欄位說明僅存於新北市統計年報）,16.0
101,,,,,,,欄位未定義,0.0,,社福,新北市政府主計處,身心障礙人數(101年以後),2012 |  深坑區,itemvalue46,是（欄位說明僅存於新北市統計年報）,6.0
101,,,,,,,欄位未定義,0.0,,社福,新北市政府主計處,身心障礙人數(101年以後),2012 |  石碇區,itemvalue46,是（欄位說明僅存於新北市統計年報）,2.0
101,,,,,,,欄位未定義,0.0,,社福,新北市政府主計處,身心障礙人數(101年以後),2012 |  坪林區,itemvalue46,是（欄位說明僅存於新北市統計年報）,4.0
101,,,,,,,欄位未定義,0.0,,社福,新北市政府主計處,身心障礙人數(101年以後),2012 |  三芝區,itemvalue46,是（欄位說明僅存於新北市統計年報）,10.0
101,,,,,,,欄位未定義,0.0,,社福,新北市政府主計處,身心障礙人數(101年以後),2012 |  石門區,itemvalue46,是（欄位說明僅存於新北市統計年報）,1.0
101,,,,,,,欄位未定義,0.0,,社福,新北市政府主計處,身心障礙人數(101年以後),2012 |  八里區,itemvalue46,是（欄位說明僅存於新北市統計年報）,5.0
101,,,,,,,欄位未定義,0.0,,社福,新北市政府主計處,身心障礙人數(101年以後),2012 |  平溪區,itemvalue46,是（欄位說明僅存於新北市統計年報）,5.0
101,,,,,,,欄位未定義,0.0,,社福,新北市政府主計處,身心障礙人數(101年以後),2012 |  雙溪區,itemvalue46,是（欄位說明僅存於新北市統計年報）,4.0
101,,,,,,,欄位未定義,0.0,,社福,新北市政府主計處,身心障礙人數(101年以後),2012 |  貢寮區,itemvalue46,是（欄位說明僅存於新北市統計年報）,3.0
101,,,,,,,欄位未定義,0.0,,社福,新北市政府主計處,身心障礙人數(101年以後),2012 |  金山區,itemvalue46,是（欄位說明僅存於新北市統計年報）,4.0
101,,,,,,,欄位未定義,0.0,,社福,新北市政府主計處,身心障礙人數(101年以後),2012 |  萬里區,itemvalue46,是（欄位說明僅存於新北市統計年報）,5.0
101,,,,,,,欄位未定義,0.0,,社福,新北市政府主計處,身心障礙人數(101年以後),2012 |  烏來區,itemvalue46,是（欄位說明僅存於新北市統計年報）,1.0
101,,,,,,,欄位未定義,0.0,,社福,新北市政府主計處,身心障礙人數(101年以後),2012 |  新北市,itemvalue47,是（欄位說明僅存於新北市統計年報）,626.0
101,,,,,,,欄位未定義,0.0,,社福,新北市政府主計處,身心障礙人數(101年以後),2012 |  板橋區,itemvalue47,是（欄位說明僅存於新北市統計年報）,80.0
101,,,,,,,欄位未定義,0.0,,社福,新北市政府主計處,身心障礙人數(101年以後),2012 |  三重區,itemvalue47,是（欄位說明僅存於新北市統計年報）,77.0
101,,,,,,,欄位未定義,0.0,,社福,新北市政府主計處,身心障礙人數(101年以後),2012 |  中和區,itemvalue47,是（欄位說明僅存於新北市統計年報）,75.0
101,,,,,,,欄位未定義,0.0,,社福,新北市政府主計處,身心障礙人數(101年以後),2012 |  永和區,itemvalue47,是（欄位說明僅存於新北市統計年報）,36.0
101,,,,,,,欄位未定義,0.0,,社福,新北市政府主計處,身心障礙人數(101年以後),2012 |  新莊區,itemvalue47,是（欄位說明僅存於新北市統計年報）,68.0
101,,,,,,,欄位未定義,0.0,,社福,新北市政府主計處,身心障礙人數(101年以後),2012 |  新店區,itemvalue47,是（欄位說明僅存於新北市統計年報）,58.0
101,,,,,,,欄位未定義,0.0,,社福,新北市政府主計處,身心障礙人數(101年以後),2012 |  樹林區,itemvalue47,是（欄位說明僅存於新北市統計年報）,26.0
101,,,,,,,欄位未定義,0.0,,社福,新北市政府主計處,身心障礙人數(101年以後),2012 |  鶯歌區,itemvalue47,是（欄位說明僅存於新北市統計年報）,12.0
101,,,,,,,欄位未定義,0.0,,社福,新北市政府主計處,身心障礙人數(101年以後),2012 |  三峽區,itemvalue47,是（欄位說明僅存於新北市統計年報）,23.0
101,,,,,,,欄位未定義,0.0,,社福,新北市政府主計處,身心障礙人數(101年以後),2012 |  淡水區,itemvalue47,是（欄位說明僅存於新北市統計年報）,16.0
101,,,,,,,欄位未定義,0.0,,社福,新北市政府主計處,身心障礙人數(101年以後),2012 |  汐止區,itemvalue47,是（欄位說明僅存於新北市統計年報）,28.0
101,,,,,,,欄位未定義,0.0,,社福,新北市政府主計處,身心障礙人數(101年以後),2012 |  瑞芳區,itemvalue47,是（欄位說明僅存於新北市統計年報）,11.0
101,,,,,,,欄位未定義,0.0,,社福,新北市政府主計處,身心障礙人數(101年以後),2012 |  土城區,itemvalue47,是（欄位說明僅存於新北市統計年報）,32.0
101,,,,,,,欄位未定義,0.0,,社福,新北市政府主計處,身心障礙人數(101年以後),2012 |  蘆洲區,itemvalue47,是（欄位說明僅存於新北市統計年報）,17.0
101,,,,,,,欄位未定義,0.0,,社福,新北市政府主計處,身心障礙人數(101年以後),2012 |  五股區,itemvalue47,是（欄位說明僅存於新北市統計年報）,10.0
101,,,,,,,欄位未定義,0.0,,社福,新北市政府主計處,身心障礙人數(101年以後),2012 |  泰山區,itemvalue47,是（欄位說明僅存於新北市統計年報）,8.0
101,,,,,,,欄位未定義,0.0,,社福,新北市政府主計處,身心障礙人數(101年以後),2012 |  林口區,itemvalue47,是（欄位說明僅存於新北市統計年報）,7.0
101,,,,,,,欄位未定義,0.0,,社福,新北市政府主計處,身心障礙人數(101年以後),2012 |  深坑區,itemvalue47,是（欄位說明僅存於新北市統計年報）,5.0
101,,,,,,,欄位未定義,0.0,,社福,新北市政府主計處,身心障礙人數(101年以後),2012 |  石碇區,itemvalue47,是（欄位說明僅存於新北市統計年報）,2.0
101,,,,,,,欄位未定義,0.0,,社福,新北市政府主計處,身心障礙人數(101年以後),2012 |  坪林區,itemvalue47,是（欄位說明僅存於新北市統計年報）,2.0
101,,,,,,,欄位未定義,0.0,,社福,新北市政府主計處,身心障礙人數(101年以後),2012 |  三芝區,itemvalue47,是（欄位說明僅存於新北市統計年報）,7.0
101,,,,,,,欄位未定義,0.0,,社福,新北市政府主計處,身心障礙人數(101年以後),2012 |  石門區,itemvalue47,是（欄位說明僅存於新北市統計年報）,0.0
101,,,,,,,欄位未定義,0.0,,社福,新北市政府主計處,身心障礙人數(101年以後),2012 |  八里區,itemvalue47,是（欄位說明僅存於新北市統計年報）,11.0
101,,,,,,,欄位未定義,0.0,,社福,新北市政府主計處,身心障礙人數(101年以後),2012 |  平溪區,itemvalue47,是（欄位說明僅存於新北市統計年報）,5.0
101,,,,,,,欄位未定義,0.0,,社福,新北市政府主計處,身心障礙人數(101年以後),2012 |  雙溪區,itemvalue47,是（欄位說明僅存於新北市統計年報）,2.0
101,,,,,,,欄位未定義,0.0,,社福,新北市政府主計處,身心障礙人數(101年以後),2012 |  貢寮區,itemvalue47,是（欄位說明僅存於新北市統計年報）,3.0
101,,,,,,,欄位未定義,0.0,,社福,新北市政府主計處,身心障礙人數(101年以後),2012 |  金山區,itemvalue47,是（欄位說明僅存於新北市統計年報）,2.0
101,,,,,,,欄位未定義,0.0,,社福,新北市政府主計處,身心障礙人數(101年以後),2012 |  萬里區,itemvalue47,是（欄位說明僅存於新北市統計年報）,3.0
101,,,,,,,欄位未定義,0.0,,社福,新北市政府主計處,身心障礙人數(101年以後),2012 |  烏來區,itemvalue47,是（欄位說明僅存於新北市統計年報）,0.0
101,,,,,,,欄位未定義,0.0,,社福,新北市政府主計處,身心障礙人數(101年以後),2012 |  新北市,itemvalue48,是（欄位說明僅存於新北市統計年報）,68.0
101,,,,,,,欄位未定義,0.0,,社福,新北市政府主計處,身心障礙人數(101年以後),2012 |  板橋區,itemvalue48,是（欄位說明僅存於新北市統計年報）,12.0
101,,,,,,,欄位未定義,0.0,,社福,新北市政府主計處,身心障礙人數(101年以後),2012 |  三重區,itemvalue48,是（欄位說明僅存於新北市統計年報）,10.0
101,,,,,,,欄位未定義,0.0,,社福,新北市政府主計處,身心障礙人數(101年以後),2012 |  中和區,itemvalue48,是（欄位說明僅存於新北市統計年報）,8.0
101,,,,,,,欄位未定義,0.0,,社福,新北市政府主計處,身心障礙人數(101年以後),2012 |  永和區,itemvalue48,是（欄位說明僅存於新北市統計年報）,0.0
101,,,,,,,欄位未定義,0.0,,社福,新北市政府主計處,身心障礙人數(101年以後),2012 |  新莊區,itemvalue48,是（欄位說明僅存於新北市統計年報）,3.0
101,,,,,,,欄位未定義,0.0,,社福,新北市政府主計處,身心障礙人數(101年以後),2012 |  新店區,itemvalue48,是（欄位說明僅存於新北市統計年報）,2.0
101,,,,,,,欄位未定義,0.0,,社福,新北市政府主計處,身心障礙人數(101年以後),2012 |  樹林區,itemvalue48,是（欄位說明僅存於新北市統計年報）,0.0
101,,,,,,,欄位未定義,0.0,,社福,新北市政府主計處,身心障礙人數(101年以後),2012 |  鶯歌區,itemvalue48,是（欄位說明僅存於新北市統計年報）,0.0
101,,,,,,,欄位未定義,0.0,,社福,新北市政府主計處,身心障礙人數(101年以後),2012 |  三峽區,itemvalue48,是（欄位說明僅存於新北市統計年報）,5.0
101,,,,,,,欄位未定義,0.0,,社福,新北市政府主計處,身心障礙人數(101年以後),2012 |  淡水區,itemvalue48,是（欄位說明僅存於新北市統計年報）,4.0
101,,,,,,,欄位未定義,0.0,,社福,新北市政府主計處,身心障礙人數(101年以後),2012 |  汐止區,itemvalue48,是（欄位說明僅存於新北市統計年報）,6.0
101,,,,,,,欄位未定義,0.0,,社福,新北市政府主計處,身心障礙人數(101年以後),2012 |  瑞芳區,itemvalue48,是（欄位說明僅存於新北市統計年報）,1.0
101,,,,,,,欄位未定義,0.0,,社福,新北市政府主計處,身心障礙人數(101年以後),2012 |  土城區,itemvalue48,是（欄位說明僅存於新北市統計年報）,3.0
101,,,,,,,欄位未定義,0.0,,社福,新北市政府主計處,身心障礙人數(101年以後),2012 |  蘆洲區,itemvalue48,是（欄位說明僅存於新北市統計年報）,4.0
101,,,,,,,欄位未定義,0.0,,社福,新北市政府主計處,身心障礙人數(101年以後),2012 |  五股區,itemvalue48,是（欄位說明僅存於新北市統計年報）,5.0
101,,,,,,,欄位未定義,0.0,,社福,新北市政府主計處,身心障礙人數(101年以後),2012 |  泰山區,itemvalue48,是（欄位說明僅存於新北市統計年報）,0.0
101,,,,,,,欄位未定義,0.0,,社福,新北市政府主計處,身心障礙人數(101年以後),2012 |  林口區,itemvalue48,是（欄位說明僅存於新北市統計年報）,1.0
101,,,,,,,欄位未定義,0.0,,社福,新北市政府主計處,身心障礙人數(101年以後),2012 |  深坑區,itemvalue48,是（欄位說明僅存於新北市統計年報）,0.0
101,,,,,,,欄位未定義,0.0,,社福,新北市政府主計處,身心障礙人數(101年以後),2012 |  石碇區,itemvalue48,是（欄位說明僅存於新北市統計年報）,1.0
101,,,,,,,欄位未定義,0.0,,社福,新北市政府主計處,身心障礙人數(101年以後),2012 |  坪林區,itemvalue48,是（欄位說明僅存於新北市統計年報）,0.0
101,,,,,,,欄位未定義,0.0,,社福,新北市政府主計處,身心障礙人數(101年以後),2012 |  三芝區,itemvalue48,是（欄位說明僅存於新北市統計年報）,0.0
101,,,,,,,欄位未定義,0.0,,社福,新北市政府主計處,身心障礙人數(101年以後),2012 |  石門區,itemvalue48,是（欄位說明僅存於新北市統計年報）,0.0
101,,,,,,,欄位未定義,0.0,,社福,新北市政府主計處,身心障礙人數(101年以後),2012 |  八里區,itemvalue48,是（欄位說明僅存於新北市統計年報）,2.0
101,,,,,,,欄位未定義,0.0,,社福,新北市政府主計處,身心障礙人數(101年以後),2012 |  平溪區,itemvalue48,是（欄位說明僅存於新北市統計年報）,0.0
101,,,,,,,欄位未定義,0.0,,社福,新北市政府主計處,身心障礙人數(101年以後),2012 |  雙溪區,itemvalue48,是（欄位說明僅存於新北市統計年報）,0.0
101,,,,,,,欄位未定義,0.0,,社福,新北市政府主計處,身心障礙人數(101年以後),2012 |  貢寮區,itemvalue48,是（欄位說明僅存於新北市統計年報）,0.0
101,,,,,,,欄位未定義,0.0,,社福,新北市政府主計處,身心障礙人數(101年以後),2012 |  金山區,itemvalue48,是（欄位說明僅存於新北市統計年報）,0.0
101,,,,,,,欄位未定義,0.0,,社福,新北市政府主計處,身心障礙人數(101年以後),2012 |  萬里區,itemvalue48,是（欄位說明僅存於新北市統計年報）,1.0
101,,,,,,,欄位未定義,0.0,,社福,新北市政府主計處,身心障礙人數(101年以後),2012 |  烏來區,itemvalue48,是（欄位說明僅存於新北市統計年報）,0.0
101,,,,,,,欄位未定義,0.0,,社福,新北市政府主計處,身心障礙人數(101年以後),2012 |  新北市,itemvalue49,是（欄位說明僅存於新北市統計年報）,13.0
101,,,,,,,欄位未定義,0.0,,社福,新北市政府主計處,身心障礙人數(101年以後),2012 |  板橋區,itemvalue49,是（欄位說明僅存於新北市統計年報）,1.0
101,,,,,,,欄位未定義,0.0,,社福,新北市政府主計處,身心障礙人數(101年以後),2012 |  三重區,itemvalue49,是（欄位說明僅存於新北市統計年報）,3.0
101,,,,,,,欄位未定義,0.0,,社福,新北市政府主計處,身心障礙人數(101年以後),2012 |  中和區,itemvalue49,是（欄位說明僅存於新北市統計年報）,1.0
101,,,,,,,欄位未定義,0.0,,社福,新北市政府主計處,身心障礙人數(101年以後),2012 |  永和區,itemvalue49,是（欄位說明僅存於新北市統計年報）,0.0
101,,,,,,,欄位未定義,0.0,,社福,新北市政府主計處,身心障礙人數(101年以後),2012 |  新莊區,itemvalue49,是（欄位說明僅存於新北市統計年報）,0.0
101,,,,,,,欄位未定義,0.0,,社福,新北市政府主計處,身心障礙人數(101年以後),2012 |  新店區,itemvalue49,是（欄位說明僅存於新北市統計年報）,0.0
101,,,,,,,欄位未定義,0.0,,社福,新北市政府主計處,身心障礙人數(101年以後),2012 |  樹林區,itemvalue49,是（欄位說明僅存於新北市統計年報）,1.0
101,,,,,,,欄位未定義,0.0,,社福,新北市政府主計處,身心障礙人數(101年以後),2012 |  鶯歌區,itemvalue49,是（欄位說明僅存於新北市統計年報）,0.0
101,,,,,,,欄位未定義,0.0,,社福,新北市政府主計處,身心障礙人數(101年以後),2012 |  三峽區,itemvalue49,是（欄位說明僅存於新北市統計年報）,0.0
101,,,,,,,欄位未定義,0.0,,社福,新北市政府主計處,身心障礙人數(101年以後),2012 |  淡水區,itemvalue49,是（欄位說明僅存於新北市統計年報）,3.0
101,,,,,,,欄位未定義,0.0,,社福,新北市政府主計處,身心障礙人數(101年以後),2012 |  汐止區,itemvalue49,是（欄位說明僅存於新北市統計年報）,1.0
101,,,,,,,欄位未定義,0.0,,社福,新北市政府主計處,身心障礙人數(101年以後),2012 |  瑞芳區,itemvalue49,是（欄位說明僅存於新北市統計年報）,0.0
101,,,,,,,欄位未定義,0.0,,社福,新北市政府主計處,身心障礙人數(101年以後),2012 |  土城區,itemvalue49,是（欄位說明僅存於新北市統計年報）,1.0
101,,,,,,,欄位未定義,0.0,,社福,新北市政府主計處,身心障礙人數(101年以後),2012 |  蘆洲區,itemvalue49,是（欄位說明僅存於新北市統計年報）,0.0
101,,,,,,,欄位未定義,0.0,,社福,新北市政府主計處,身心障礙人數(101年以後),2012 |  五股區,itemvalue49,是（欄位說明僅存於新北市統計年報）,2.0
101,,,,,,,欄位未定義,0.0,,社福,新北市政府主計處,身心障礙人數(101年以後),2012 |  泰山區,itemvalue49,是（欄位說明僅存於新北市統計年報）,0.0
101,,,,,,,欄位未定義,0.0,,社福,新北市政府主計處,身心障礙人數(101年以後),2012 |  林口區,itemvalue49,是（欄位說明僅存於新北市統計年報）,0.0
101,,,,,,,欄位未定義,0.0,,社福,新北市政府主計處,身心障礙人數(101年以後),2012 |  深坑區,itemvalue49,是（欄位說明僅存於新北市統計年報）,0.0
101,,,,,,,欄位未定義,0.0,,社福,新北市政府主計處,身心障礙人數(101年以後),2012 |  石碇區,itemvalue49,是（欄位說明僅存於新北市統計年報）,0.0
101,,,,,,,欄位未定義,0.0,,社福,新北市政府主計處,身心障礙人數(101年以後),2012 |  坪林區,itemvalue49,是（欄位說明僅存於新北市統計年報）,0.0
101,,,,,,,欄位未定義,0.0,,社福,新北市政府主計處,身心障礙人數(101年以後),2012 |  三芝區,itemvalue49,是（欄位說明僅存於新北市統計年報）,0.0
101,,,,,,,欄位未定義,0.0,,社福,新北市政府主計處,身心障礙人數(101年以後),2012 |  石門區,itemvalue49,是（欄位說明僅存於新北市統計年報）,0.0
101,,,,,,,欄位未定義,0.0,,社福,新北市政府主計處,身心障礙人數(101年以後),2012 |  八里區,itemvalue49,是（欄位說明僅存於新北市統計年報）,0.0
101,,,,,,,欄位未定義,0.0,,社福,新北市政府主計處,身心障礙人數(101年以後),2012 |  平溪區,itemvalue49,是（欄位說明僅存於新北市統計年報）,0.0
101,,,,,,,欄位未定義,0.0,,社福,新北市政府主計處,身心障礙人數(101年以後),2012 |  雙溪區,itemvalue49,是（欄位說明僅存於新北市統計年報）,0.0
101,,,,,,,欄位未定義,0.0,,社福,新北市政府主計處,身心障礙人數(101年以後),2012 |  貢寮區,itemvalue49,是（欄位說明僅存於新北市統計年報）,0.0
101,,,,,,,欄位未定義,0.0,,社福,新北市政府主計處,身心障礙人數(101年以後),2012 |  金山區,itemvalue49,是（欄位說明僅存於新北市統計年報）,0.0
101,,,,,,,欄位未定義,0.0,,社福,新北市政府主計處,身心障礙人數(101年以後),2012 |  萬里區,itemvalue49,是（欄位說明僅存於新北市統計年報）,0.0
101,,,,,,,欄位未定義,0.0,,社福,新北市政府主計處,身心障礙人數(101年以後),2012 |  烏來區,itemvalue49,是（欄位說明僅存於新北市統計年報）,0.0
101,,,,,,,欄位未定義,0.0,,社福,新北市政府主計處,身心障礙人數(101年以後),2012 |  新北市,itemvalue50,是（欄位說明僅存於新北市統計年報）,685.0
101,,,,,,,欄位未定義,0.0,,社福,新北市政府主計處,身心障礙人數(101年以後),2012 |  板橋區,itemvalue50,是（欄位說明僅存於新北市統計年報）,107.0
101,,,,,,,欄位未定義,0.0,,社福,新北市政府主計處,身心障礙人數(101年以後),2012 |  三重區,itemvalue50,是（欄位說明僅存於新北市統計年報）,74.0
101,,,,,,,欄位未定義,0.0,,社福,新北市政府主計處,身心障礙人數(101年以後),2012 |  中和區,itemvalue50,是（欄位說明僅存於新北市統計年報）,85.0
101,,,,,,,欄位未定義,0.0,,社福,新北市政府主計處,身心障礙人數(101年以後),2012 |  永和區,itemvalue50,是（欄位說明僅存於新北市統計年報）,31.0
101,,,,,,,欄位未定義,0.0,,社福,新北市政府主計處,身心障礙人數(101年以後),2012 |  新莊區,itemvalue50,是（欄位說明僅存於新北市統計年報）,44.0
101,,,,,,,欄位未定義,0.0,,社福,新北市政府主計處,身心障礙人數(101年以後),2012 |  新店區,itemvalue50,是（欄位說明僅存於新北市統計年報）,76.0
101,,,,,,,欄位未定義,0.0,,社福,新北市政府主計處,身心障礙人數(101年以後),2012 |  樹林區,itemvalue50,是（欄位說明僅存於新北市統計年報）,33.0
101,,,,,,,欄位未定義,0.0,,社福,新北市政府主計處,身心障礙人數(101年以後),2012 |  鶯歌區,itemvalue50,是（欄位說明僅存於新北市統計年報）,12.0
101,,,,,,,欄位未定義,0.0,,社福,新北市政府主計處,身心障礙人數(101年以後),2012 |  三峽區,itemvalue50,是（欄位說明僅存於新北市統計年報）,16.0
101,,,,,,,欄位未定義,0.0,,社福,新北市政府主計處,身心障礙人數(101年以後),2012 |  淡水區,itemvalue50,是（欄位說明僅存於新北市統計年報）,33.0
101,,,,,,,欄位未定義,0.0,,社福,新北市政府主計處,身心障礙人數(101年以後),2012 |  汐止區,itemvalue50,是（欄位說明僅存於新北市統計年報）,42.0
101,,,,,,,欄位未定義,0.0,,社福,新北市政府主計處,身心障礙人數(101年以後),2012 |  瑞芳區,itemvalue50,是（欄位說明僅存於新北市統計年報）,8.0
101,,,,,,,欄位未定義,0.0,,社福,新北市政府主計處,身心障礙人數(101年以後),2012 |  土城區,itemvalue50,是（欄位說明僅存於新北市統計年報）,43.0
101,,,,,,,欄位未定義,0.0,,社福,新北市政府主計處,身心障礙人數(101年以後),2012 |  蘆洲區,itemvalue50,是（欄位說明僅存於新北市統計年報）,22.0
101,,,,,,,欄位未定義,0.0,,社福,新北市政府主計處,身心障礙人數(101年以後),2012 |  五股區,itemvalue50,是（欄位說明僅存於新北市統計年報）,11.0
101,,,,,,,欄位未定義,0.0,,社福,新北市政府主計處,身心障礙人數(101年以後),2012 |  泰山區,itemvalue50,是（欄位說明僅存於新北市統計年報）,10.0
101,,,,,,,欄位未定義,0.0,,社福,新北市政府主計處,身心障礙人數(101年以後),2012 |  林口區,itemvalue50,是（欄位說明僅存於新北市統計年報）,10.0
101,,,,,,,欄位未定義,0.0,,社福,新北市政府主計處,身心障礙人數(101年以後),2012 |  深坑區,itemvalue50,是（欄位說明僅存於新北市統計年報）,3.0
101,,,,,,,欄位未定義,0.0,,社福,新北市政府主計處,身心障礙人數(101年以後),2012 |  石碇區,itemvalue50,是（欄位說明僅存於新北市統計年報）,2.0
101,,,,,,,欄位未定義,0.0,,社福,新北市政府主計處,身心障礙人數(101年以後),2012 |  坪林區,itemvalue50,是（欄位說明僅存於新北市統計年報）,0.0
101,,,,,,,欄位未定義,0.0,,社福,新北市政府主計處,身心障礙人數(101年以後),2012 |  三芝區,itemvalue50,是（欄位說明僅存於新北市統計年報）,4.0
101,,,,,,,欄位未定義,0.0,,社福,新北市政府主計處,身心障礙人數(101年以後),2012 |  石門區,itemvalue50,是（欄位說明僅存於新北市統計年報）,3.0
101,,,,,,,欄位未定義,0.0,,社福,新北市政府主計處,身心障礙人數(101年以後),2012 |  八里區,itemvalue50,是（欄位說明僅存於新北市統計年報）,2.0
101,,,,,,,欄位未定義,0.0,,社福,新北市政府主計處,身心障礙人數(101年以後),2012 |  平溪區,itemvalue50,是（欄位說明僅存於新北市統計年報）,3.0
101,,,,,,,欄位未定義,0.0,,社福,新北市政府主計處,身心障礙人數(101年以後),2012 |  雙溪區,itemvalue50,是（欄位說明僅存於新北市統計年報）,2.0
101,,,,,,,欄位未定義,0.0,,社福,新北市政府主計處,身心障礙人數(101年以後),2012 |  貢寮區,itemvalue50,是（欄位說明僅存於新北市統計年報）,0.0
101,,,,,,,欄位未定義,0.0,,社福,新北市政府主計處,身心障礙人數(101年以後),2012 |  金山區,itemvalue50,是（欄位說明僅存於新北市統計年報）,3.0
101,,,,,,,欄位未定義,0.0,,社福,新北市政府主計處,身心障礙人數(101年以後),2012 |  萬里區,itemvalue50,是（欄位說明僅存於新北市統計年報）,5.0
101,,,,,,,欄位未定義,0.0,,社福,新北市政府主計處,身心障礙人數(101年以後),2012 |  烏來區,itemvalue50,是（欄位說明僅存於新北市統計年報）,1.0
101,,,,,,,欄位未定義,0.0,,社福,新北市政府主計處,身心障礙人數(101年以後),2012 |  新北市,itemvalue51,是（欄位說明僅存於新北市統計年報）,220.0
101,,,,,,,欄位未定義,0.0,,社福,新北市政府主計處,身心障礙人數(101年以後),2012 |  板橋區,itemvalue51,是（欄位說明僅存於新北市統計年報）,30.0
101,,,,,,,欄位未定義,0.0,,社福,新北市政府主計處,身心障礙人數(101年以後),2012 |  三重區,itemvalue51,是（欄位說明僅存於新北市統計年報）,22.0
101,,,,,,,欄位未定義,0.0,,社福,新北市政府主計處,身心障礙人數(101年以後),2012 |  中和區,itemvalue51,是（欄位說明僅存於新北市統計年報）,27.0
101,,,,,,,欄位未定義,0.0,,社福,新北市政府主計處,身心障礙人數(101年以後),2012 |  永和區,itemvalue51,是（欄位說明僅存於新北市統計年報）,12.0
101,,,,,,,欄位未定義,0.0,,社福,新北市政府主計處,身心障礙人數(101年以後),2012 |  新莊區,itemvalue51,是（欄位說明僅存於新北市統計年報）,13.0
101,,,,,,,欄位未定義,0.0,,社福,新北市政府主計處,身心障礙人數(101年以後),2012 |  新店區,itemvalue51,是（欄位說明僅存於新北市統計年報）,28.0
101,,,,,,,欄位未定義,0.0,,社福,新北市政府主計處,身心障礙人數(101年以後),2012 |  樹林區,itemvalue51,是（欄位說明僅存於新北市統計年報）,6.0
101,,,,,,,欄位未定義,0.0,,社福,新北市政府主計處,身心障礙人數(101年以後),2012 |  鶯歌區,itemvalue51,是（欄位說明僅存於新北市統計年報）,5.0
101,,,,,,,欄位未定義,0.0,,社福,新北市政府主計處,身心障礙人數(101年以後),2012 |  三峽區,itemvalue51,是（欄位說明僅存於新北市統計年報）,4.0
101,,,,,,,欄位未定義,0.0,,社福,新北市政府主計處,身心障礙人數(101年以後),2012 |  淡水區,itemvalue51,是（欄位說明僅存於新北市統計年報）,14.0
101,,,,,,,欄位未定義,0.0,,社福,新北市政府主計處,身心障礙人數(101年以後),2012 |  汐止區,itemvalue51,是（欄位說明僅存於新北市統計年報）,10.0
101,,,,,,,欄位未定義,0.0,,社福,新北市政府主計處,身心障礙人數(101年以後),2012 |  瑞芳區,itemvalue51,是（欄位說明僅存於新北市統計年報）,3.0
101,,,,,,,欄位未定義,0.0,,社福,新北市政府主計處,身心障礙人數(101年以後),2012 |  土城區,itemvalue51,是（欄位說明僅存於新北市統計年報）,10.0
101,,,,,,,欄位未定義,0.0,,社福,新北市政府主計處,身心障礙人數(101年以後),2012 |  蘆洲區,itemvalue51,是（欄位說明僅存於新北市統計年報）,14.0
101,,,,,,,欄位未定義,0.0,,社福,新北市政府主計處,身心障礙人數(101年以後),2012 |  五股區,itemvalue51,是（欄位說明僅存於新北市統計年報）,1.0
101,,,,,,,欄位未定義,0.0,,社福,新北市政府主計處,身心障礙人數(101年以後),2012 |  泰山區,itemvalue51,是（欄位說明僅存於新北市統計年報）,2.0
101,,,,,,,欄位未定義,0.0,,社福,新北市政府主計處,身心障礙人數(101年以後),2012 |  林口區,itemvalue51,是（欄位說明僅存於新北市統計年報）,4.0
101,,,,,,,欄位未定義,0.0,,社福,新北市政府主計處,身心障礙人數(101年以後),2012 |  深坑區,itemvalue51,是（欄位說明僅存於新北市統計年報）,0.0
101,,,,,,,欄位未定義,0.0,,社福,新北市政府主計處,身心障礙人數(101年以後),2012 |  石碇區,itemvalue51,是（欄位說明僅存於新北市統計年報）,1.0
101,,,,,,,欄位未定義,0.0,,社福,新北市政府主計處,身心障礙人數(101年以後),2012 |  坪林區,itemvalue51,是（欄位說明僅存於新北市統計年報）,1.0
101,,,,,,,欄位未定義,0.0,,社福,新北市政府主計處,身心障礙人數(101年以後),2012 |  三芝區,itemvalue51,是（欄位說明僅存於新北市統計年報）,2.0
101,,,,,,,欄位未定義,0.0,,社福,新北市政府主計處,身心障礙人數(101年以後),2012 |  石門區,itemvalue51,是（欄位說明僅存於新北市統計年報）,0.0
101,,,,,,,欄位未定義,0.0,,社福,新北市政府主計處,身心障礙人數(101年以後),2012 |  八里區,itemvalue51,是（欄位說明僅存於新北市統計年報）,4.0
101,,,,,,,欄位未定義,0.0,,社福,新北市政府主計處,身心障礙人數(101年以後),2012 |  平溪區,itemvalue51,是（欄位說明僅存於新北市統計年報）,1.0
101,,,,,,,欄位未定義,0.0,,社福,新北市政府主計處,身心障礙人數(101年以後),2012 |  雙溪區,itemvalue51,是（欄位說明僅存於新北市統計年報）,0.0
101,,,,,,,欄位未定義,0.0,,社福,新北市政府主計處,身心障礙人數(101年以後),2012 |  貢寮區,itemvalue51,是（欄位說明僅存於新北市統計年報）,2.0
101,,,,,,,欄位未定義,0.0,,社福,新北市政府主計處,身心障礙人數(101年以後),2012 |  金山區,itemvalue51,是（欄位說明僅存於新北市統計年報）,0.0
101,,,,,,,欄位未定義,0.0,,社福,新北市政府主計處,身心障礙人數(101年以後),2012 |  萬里區,itemvalue51,是（欄位說明僅存於新北市統計年報）,3.0
101,,,,,,,欄位未定義,0.0,,社福,新北市政府主計處,身心障礙人數(101年以後),2012 |  烏來區,itemvalue51,是（欄位說明僅存於新北市統計年報）,1.0
101,,,,,,,欄位未定義,0.0,,社福,新北市政府主計處,身心障礙人數(101年以後),2012 |  新北市,itemvalue52,是（欄位說明僅存於新北市統計年報）,104.0
101,,,,,,,欄位未定義,0.0,,社福,新北市政府主計處,身心障礙人數(101年以後),2012 |  板橋區,itemvalue52,是（欄位說明僅存於新北市統計年報）,17.0
101,,,,,,,欄位未定義,0.0,,社福,新北市政府主計處,身心障礙人數(101年以後),2012 |  三重區,itemvalue52,是（欄位說明僅存於新北市統計年報）,12.0
101,,,,,,,欄位未定義,0.0,,社福,新北市政府主計處,身心障礙人數(101年以後),2012 |  中和區,itemvalue52,是（欄位說明僅存於新北市統計年報）,17.0
101,,,,,,,欄位未定義,0.0,,社福,新北市政府主計處,身心障礙人數(101年以後),2012 |  永和區,itemvalue52,是（欄位說明僅存於新北市統計年報）,3.0
101,,,,,,,欄位未定義,0.0,,社福,新北市政府主計處,身心障礙人數(101年以後),2012 |  新莊區,itemvalue52,是（欄位說明僅存於新北市統計年報）,9.0
101,,,,,,,欄位未定義,0.0,,社福,新北市政府主計處,身心障礙人數(101年以後),2012 |  新店區,itemvalue52,是（欄位說明僅存於新北市統計年報）,8.0
101,,,,,,,欄位未定義,0.0,,社福,新北市政府主計處,身心障礙人數(101年以後),2012 |  樹林區,itemvalue52,是（欄位說明僅存於新北市統計年報）,2.0
101,,,,,,,欄位未定義,0.0,,社福,新北市政府主計處,身心障礙人數(101年以後),2012 |  鶯歌區,itemvalue52,是（欄位說明僅存於新北市統計年報）,4.0
101,,,,,,,欄位未定義,0.0,,社福,新北市政府主計處,身心障礙人數(101年以後),2012 |  三峽區,itemvalue52,是（欄位說明僅存於新北市統計年報）,2.0
101,,,,,,,欄位未定義,0.0,,社福,新北市政府主計處,身心障礙人數(101年以後),2012 |  淡水區,itemvalue52,是（欄位說明僅存於新北市統計年報）,4.0
101,,,,,,,欄位未定義,0.0,,社福,新北市政府主計處,身心障礙人數(101年以後),2012 |  汐止區,itemvalue52,是（欄位說明僅存於新北市統計年報）,5.0
101,,,,,,,欄位未定義,0.0,,社福,新北市政府主計處,身心障礙人數(101年以後),2012 |  瑞芳區,itemvalue52,是（欄位說明僅存於新北市統計年報）,3.0
101,,,,,,,欄位未定義,0.0,,社福,新北市政府主計處,身心障礙人數(101年以後),2012 |  土城區,itemvalue52,是（欄位說明僅存於新北市統計年報）,3.0
101,,,,,,,欄位未定義,0.0,,社福,新北市政府主計處,身心障礙人數(101年以後),2012 |  蘆洲區,itemvalue52,是（欄位說明僅存於新北市統計年報）,7.0
101,,,,,,,欄位未定義,0.0,,社福,新北市政府主計處,身心障礙人數(101年以後),2012 |  五股區,itemvalue52,是（欄位說明僅存於新北市統計年報）,4.0
101,,,,,,,欄位未定義,0.0,,社福,新北市政府主計處,身心障礙人數(101年以後),2012 |  泰山區,itemvalue52,是（欄位說明僅存於新北市統計年報）,0.0
101,,,,,,,欄位未定義,0.0,,社福,新北市政府主計處,身心障礙人數(101年以後),2012 |  林口區,itemvalue52,是（欄位說明僅存於新北市統計年報）,1.0
101,,,,,,,欄位未定義,0.0,,社福,新北市政府主計處,身心障礙人數(101年以後),2012 |  深坑區,itemvalue52,是（欄位說明僅存於新北市統計年報）,0.0
101,,,,,,,欄位未定義,0.0,,社福,新北市政府主計處,身心障礙人數(101年以後),2012 |  石碇區,itemvalue52,是（欄位說明僅存於新北市統計年報）,0.0
101,,,,,,,欄位未定義,0.0,,社福,新北市政府主計處,身心障礙人數(101年以後),2012 |  坪林區,itemvalue52,是（欄位說明僅存於新北市統計年報）,1.0
101,,,,,,,欄位未定義,0.0,,社福,新北市政府主計處,身心障礙人數(101年以後),2012 |  三芝區,itemvalue52,是（欄位說明僅存於新北市統計年報）,1.0
101,,,,,,,欄位未定義,0.0,,社福,新北市政府主計處,身心障礙人數(101年以後),2012 |  石門區,itemvalue52,是（欄位說明僅存於新北市統計年報）,0.0
101,,,,,,,欄位未定義,0.0,,社福,新北市政府主計處,身心障礙人數(101年以後),2012 |  八里區,itemvalue52,是（欄位說明僅存於新北市統計年報）,1.0
101,,,,,,,欄位未定義,0.0,,社福,新北市政府主計處,身心障礙人數(101年以後),2012 |  平溪區,itemvalue52,是（欄位說明僅存於新北市統計年報）,0.0
101,,,,,,,欄位未定義,0.0,,社福,新北市政府主計處,身心障礙人數(101年以後),2012 |  雙溪區,itemvalue52,是（欄位說明僅存於新北市統計年報）,0.0
101,,,,,,,欄位未定義,0.0,,社福,新北市政府主計處,身心障礙人數(101年以後),2012 |  貢寮區,itemvalue52,是（欄位說明僅存於新北市統計年報）,0.0
101,,,,,,,欄位未定義,0.0,,社福,新北市政府主計處,身心障礙人數(101年以後),2012 |  金山區,itemvalue52,是（欄位說明僅存於新北市統計年報）,0.0
101,,,,,,,欄位未定義,0.0,,社福,新北市政府主計處,身心障礙人數(101年以後),2012 |  萬里區,itemvalue52,是（欄位說明僅存於新北市統計年報）,0.0
101,,,,,,,欄位未定義,0.0,,社福,新北市政府主計處,身心障礙人數(101年以後),2012 |  烏來區,itemvalue52,是（欄位說明僅存於新北市統計年報）,0.0
101,,,,,,,欄位未定義,0.0,,社福,新北市政府主計處,身心障礙人數(101年以後),2012 |  新北市,itemvalue53,是（欄位說明僅存於新北市統計年報）,41.0
101,,,,,,,欄位未定義,0.0,,社福,新北市政府主計處,身心障礙人數(101年以後),2012 |  板橋區,itemvalue53,是（欄位說明僅存於新北市統計年報）,2.0
101,,,,,,,欄位未定義,0.0,,社福,新北市政府主計處,身心障礙人數(101年以後),2012 |  三重區,itemvalue53,是（欄位說明僅存於新北市統計年報）,3.0
101,,,,,,,欄位未定義,0.0,,社福,新北市政府主計處,身心障礙人數(101年以後),2012 |  中和區,itemvalue53,是（欄位說明僅存於新北市統計年報）,8.0
101,,,,,,,欄位未定義,0.0,,社福,新北市政府主計處,身心障礙人數(101年以後),2012 |  永和區,itemvalue53,是（欄位說明僅存於新北市統計年報）,1.0
101,,,,,,,欄位未定義,0.0,,社福,新北市政府主計處,身心障礙人數(101年以後),2012 |  新莊區,itemvalue53,是（欄位說明僅存於新北市統計年報）,8.0
101,,,,,,,欄位未定義,0.0,,社福,新北市政府主計處,身心障礙人數(101年以後),2012 |  新店區,itemvalue53,是（欄位說明僅存於新北市統計年報）,5.0
101,,,,,,,欄位未定義,0.0,,社福,新北市政府主計處,身心障礙人數(101年以後),2012 |  樹林區,itemvalue53,是（欄位說明僅存於新北市統計年報）,2.0
101,,,,,,,欄位未定義,0.0,,社福,新北市政府主計處,身心障礙人數(101年以後),2012 |  鶯歌區,itemvalue53,是（欄位說明僅存於新北市統計年報）,0.0
101,,,,,,,欄位未定義,0.0,,社福,新北市政府主計處,身心障礙人數(101年以後),2012 |  三峽區,itemvalue53,是（欄位說明僅存於新北市統計年報）,3.0
101,,,,,,,欄位未定義,0.0,,社福,新北市政府主計處,身心障礙人數(101年以後),2012 |  淡水區,itemvalue53,是（欄位說明僅存於新北市統計年報）,3.0
101,,,,,,,欄位未定義,0.0,,社福,新北市政府主計處,身心障礙人數(101年以後),2012 |  汐止區,itemvalue53,是（欄位說明僅存於新北市統計年報）,2.0
101,,,,,,,欄位未定義,0.0,,社福,新北市政府主計處,身心障礙人數(101年以後),2012 |  瑞芳區,itemvalue53,是（欄位說明僅存於新北市統計年報）,0.0
101,,,,,,,欄位未定義,0.0,,社福,新北市政府主計處,身心障礙人數(101年以後),2012 |  土城區,itemvalue53,是（欄位說明僅存於新北市統計年報）,1.0
101,,,,,,,欄位未定義,0.0,,社福,新北市政府主計處,身心障礙人數(101年以後),2012 |  蘆洲區,itemvalue53,是（欄位說明僅存於新北市統計年報）,1.0
101,,,,,,,欄位未定義,0.0,,社福,新北市政府主計處,身心障礙人數(101年以後),2012 |  五股區,itemvalue53,是（欄位說明僅存於新北市統計年報）,0.0
101,,,,,,,欄位未定義,0.0,,社福,新北市政府主計處,身心障礙人數(101年以後),2012 |  泰山區,itemvalue53,是（欄位說明僅存於新北市統計年報）,1.0
101,,,,,,,欄位未定義,0.0,,社福,新北市政府主計處,身心障礙人數(101年以後),2012 |  林口區,itemvalue53,是（欄位說明僅存於新北市統計年報）,0.0
101,,,,,,,欄位未定義,0.0,,社福,新北市政府主計處,身心障礙人數(101年以後),2012 |  深坑區,itemvalue53,是（欄位說明僅存於新北市統計年報）,0.0
101,,,,,,,欄位未定義,0.0,,社福,新北市政府主計處,身心障礙人數(101年以後),2012 |  石碇區,itemvalue53,是（欄位說明僅存於新北市統計年報）,0.0
101,,,,,,,欄位未定義,0.0,,社福,新北市政府主計處,身心障礙人數(101年以後),2012 |  坪林區,itemvalue53,是（欄位說明僅存於新北市統計年報）,0.0
101,,,,,,,欄位未定義,0.0,,社福,新北市政府主計處,身心障礙人數(101年以後),2012 |  三芝區,itemvalue53,是（欄位說明僅存於新北市統計年報）,0.0
101,,,,,,,欄位未定義,0.0,,社福,新北市政府主計處,身心障礙人數(101年以後),2012 |  石門區,itemvalue53,是（欄位說明僅存於新北市統計年報）,0.0
101,,,,,,,欄位未定義,0.0,,社福,新北市政府主計處,身心障礙人數(101年以後),2012 |  八里區,itemvalue53,是（欄位說明僅存於新北市統計年報）,0.0
101,,,,,,,欄位未定義,0.0,,社福,新北市政府主計處,身心障礙人數(101年以後),2012 |  平溪區,itemvalue53,是（欄位說明僅存於新北市統計年報）,0.0
101,,,,,,,欄位未定義,0.0,,社福,新北市政府主計處,身心障礙人數(101年以後),2012 |  雙溪區,itemvalue53,是（欄位說明僅存於新北市統計年報）,0.0
101,,,,,,,欄位未定義,0.0,,社福,新北市政府主計處,身心障礙人數(101年以後),2012 |  貢寮區,itemvalue53,是（欄位說明僅存於新北市統計年報）,0.0
101,,,,,,,欄位未定義,0.0,,社福,新北市政府主計處,身心障礙人數(101年以後),2012 |  金山區,itemvalue53,是（欄位說明僅存於新北市統計年報）,0.0
101,,,,,,,欄位未定義,0.0,,社福,新北市政府主計處,身心障礙人數(101年以後),2012 |  萬里區,itemvalue53,是（欄位說明僅存於新北市統計年報）,1.0
101,,,,,,,欄位未定義,0.0,,社福,新北市政府主計處,身心障礙人數(101年以後),2012 |  烏來區,itemvalue53,是（欄位說明僅存於新北市統計年報）,0.0
101,,,,,,,欄位未定義,0.0,,社福,新北市政府主計處,身心障礙人數(101年以後),2012 |  新北市,itemvalue54,是（欄位說明僅存於新北市統計年報）,292.0
101,,,,,,,欄位未定義,0.0,,社福,新北市政府主計處,身心障礙人數(101年以後),2012 |  板橋區,itemvalue54,是（欄位說明僅存於新北市統計年報）,42.0
101,,,,,,,欄位未定義,0.0,,社福,新北市政府主計處,身心障礙人數(101年以後),2012 |  三重區,itemvalue54,是（欄位說明僅存於新北市統計年報）,36.0
101,,,,,,,欄位未定義,0.0,,社福,新北市政府主計處,身心障礙人數(101年以後),2012 |  中和區,itemvalue54,是（欄位說明僅存於新北市統計年報）,26.0
101,,,,,,,欄位未定義,0.0,,社福,新北市政府主計處,身心障礙人數(101年以後),2012 |  永和區,itemvalue54,是（欄位說明僅存於新北市統計年報）,21.0
101,,,,,,,欄位未定義,0.0,,社福,新北市政府主計處,身心障礙人數(101年以後),2012 |  新莊區,itemvalue54,是（欄位說明僅存於新北市統計年報）,30.0
101,,,,,,,欄位未定義,0.0,,社福,新北市政府主計處,身心障礙人數(101年以後),2012 |  新店區,itemvalue54,是（欄位說明僅存於新北市統計年報）,20.0
101,,,,,,,欄位未定義,0.0,,社福,新北市政府主計處,身心障礙人數(101年以後),2012 |  樹林區,itemvalue54,是（欄位說明僅存於新北市統計年報）,11.0
101,,,,,,,欄位未定義,0.0,,社福,新北市政府主計處,身心障礙人數(101年以後),2012 |  鶯歌區,itemvalue54,是（欄位說明僅存於新北市統計年報）,8.0
101,,,,,,,欄位未定義,0.0,,社福,新北市政府主計處,身心障礙人數(101年以後),2012 |  三峽區,itemvalue54,是（欄位說明僅存於新北市統計年報）,6.0
101,,,,,,,欄位未定義,0.0,,社福,新北市政府主計處,身心障礙人數(101年以後),2012 |  淡水區,itemvalue54,是（欄位說明僅存於新北市統計年報）,8.0
101,,,,,,,欄位未定義,0.0,,社福,新北市政府主計處,身心障礙人數(101年以後),2012 |  汐止區,itemvalue54,是（欄位說明僅存於新北市統計年報）,21.0
101,,,,,,,欄位未定義,0.0,,社福,新北市政府主計處,身心障礙人數(101年以後),2012 |  瑞芳區,itemvalue54,是（欄位說明僅存於新北市統計年報）,3.0
101,,,,,,,欄位未定義,0.0,,社福,新北市政府主計處,身心障礙人數(101年以後),2012 |  土城區,itemvalue54,是（欄位說明僅存於新北市統計年報）,16.0
101,,,,,,,欄位未定義,0.0,,社福,新北市政府主計處,身心障礙人數(101年以後),2012 |  蘆洲區,itemvalue54,是（欄位說明僅存於新北市統計年報）,17.0
101,,,,,,,欄位未定義,0.0,,社福,新北市政府主計處,身心障礙人數(101年以後),2012 |  五股區,itemvalue54,是（欄位說明僅存於新北市統計年報）,6.0
101,,,,,,,欄位未定義,0.0,,社福,新北市政府主計處,身心障礙人數(101年以後),2012 |  泰山區,itemvalue54,是（欄位說明僅存於新北市統計年報）,4.0
101,,,,,,,欄位未定義,0.0,,社福,新北市政府主計處,身心障礙人數(101年以後),2012 |  林口區,itemvalue54,是（欄位說明僅存於新北市統計年報）,3.0
101,,,,,,,欄位未定義,0.0,,社福,新北市政府主計處,身心障礙人數(101年以後),2012 |  深坑區,itemvalue54,是（欄位說明僅存於新北市統計年報）,1.0
101,,,,,,,欄位未定義,0.0,,社福,新北市政府主計處,身心障礙人數(101年以後),2012 |  石碇區,itemvalue54,是（欄位說明僅存於新北市統計年報）,1.0
101,,,,,,,欄位未定義,0.0,,社福,新北市政府主計處,身心障礙人數(101年以後),2012 |  坪林區,itemvalue54,是（欄位說明僅存於新北市統計年報）,0.0
101,,,,,,,欄位未定義,0.0,,社福,新北市政府主計處,身心障礙人數(101年以後),2012 |  三芝區,itemvalue54,是（欄位說明僅存於新北市統計年報）,3.0
101,,,,,,,欄位未定義,0.0,,社福,新北市政府主計處,身心障礙人數(101年以後),2012 |  石門區,itemvalue54,是（欄位說明僅存於新北市統計年報）,0.0
101,,,,,,,欄位未定義,0.0,,社福,新北市政府主計處,身心障礙人數(101年以後),2012 |  八里區,itemvalue54,是（欄位說明僅存於新北市統計年報）,2.0
101,,,,,,,欄位未定義,0.0,,社福,新北市政府主計處,身心障礙人數(101年以後),2012 |  平溪區,itemvalue54,是（欄位說明僅存於新北市統計年報）,1.0
101,,,,,,,欄位未定義,0.0,,社福,新北市政府主計處,身心障礙人數(101年以後),2012 |  雙溪區,itemvalue54,是（欄位說明僅存於新北市統計年報）,1.0
101,,,,,,,欄位未定義,0.0,,社福,新北市政府主計處,身心障礙人數(101年以後),2012 |  貢寮區,itemvalue54,是（欄位說明僅存於新北市統計年報）,2.0
101,,,,,,,欄位未定義,0.0,,社福,新北市政府主計處,身心障礙人數(101年以後),2012 |  金山區,itemvalue54,是（欄位說明僅存於新北市統計年報）,2.0
101,,,,,,,欄位未定義,0.0,,社福,新北市政府主計處,身心障礙人數(101年以後),2012 |  萬里區,itemvalue54,是（欄位說明僅存於新北市統計年報）,1.0
101,,,,,,,欄位未定義,0.0,,社福,新北市政府主計處,身心障礙人數(101年以後),2012 |  烏來區,itemvalue54,是（欄位說明僅存於新北市統計年報）,0.0
101,,,,,,,欄位未定義,0.0,,社福,新北市政府主計處,身心障礙人數(101年以後),2012 |  新北市,itemvalue55,是（欄位說明僅存於新北市統計年報）,275.0
101,,,,,,,欄位未定義,0.0,,社福,新北市政府主計處,身心障礙人數(101年以後),2012 |  板橋區,itemvalue55,是（欄位說明僅存於新北市統計年報）,50.0
101,,,,,,,欄位未定義,0.0,,社福,新北市政府主計處,身心障礙人數(101年以後),2012 |  三重區,itemvalue55,是（欄位說明僅存於新北市統計年報）,31.0
101,,,,,,,欄位未定義,0.0,,社福,新北市政府主計處,身心障礙人數(101年以後),2012 |  中和區,itemvalue55,是（欄位說明僅存於新北市統計年報）,32.0
101,,,,,,,欄位未定義,0.0,,社福,新北市政府主計處,身心障礙人數(101年以後),2012 |  永和區,itemvalue55,是（欄位說明僅存於新北市統計年報）,8.0
101,,,,,,,欄位未定義,0.0,,社福,新北市政府主計處,身心障礙人數(101年以後),2012 |  新莊區,itemvalue55,是（欄位說明僅存於新北市統計年報）,21.0
101,,,,,,,欄位未定義,0.0,,社福,新北市政府主計處,身心障礙人數(101年以後),2012 |  新店區,itemvalue55,是（欄位說明僅存於新北市統計年報）,15.0
101,,,,,,,欄位未定義,0.0,,社福,新北市政府主計處,身心障礙人數(101年以後),2012 |  樹林區,itemvalue55,是（欄位說明僅存於新北市統計年報）,15.0
101,,,,,,,欄位未定義,0.0,,社福,新北市政府主計處,身心障礙人數(101年以後),2012 |  鶯歌區,itemvalue55,是（欄位說明僅存於新北市統計年報）,4.0
101,,,,,,,欄位未定義,0.0,,社福,新北市政府主計處,身心障礙人數(101年以後),2012 |  三峽區,itemvalue55,是（欄位說明僅存於新北市統計年報）,10.0
101,,,,,,,欄位未定義,0.0,,社福,新北市政府主計處,身心障礙人數(101年以後),2012 |  淡水區,itemvalue55,是（欄位說明僅存於新北市統計年報）,8.0
101,,,,,,,欄位未定義,0.0,,社福,新北市政府主計處,身心障礙人數(101年以後),2012 |  汐止區,itemvalue55,是（欄位說明僅存於新北市統計年報）,14.0
101,,,,,,,欄位未定義,0.0,,社福,新北市政府主計處,身心障礙人數(101年以後),2012 |  瑞芳區,itemvalue55,是（欄位說明僅存於新北市統計年報）,12.0
101,,,,,,,欄位未定義,0.0,,社福,新北市政府主計處,身心障礙人數(101年以後),2012 |  土城區,itemvalue55,是（欄位說明僅存於新北市統計年報）,17.0
101,,,,,,,欄位未定義,0.0,,社福,新北市政府主計處,身心障礙人數(101年以後),2012 |  蘆洲區,itemvalue55,是（欄位說明僅存於新北市統計年報）,13.0
101,,,,,,,欄位未定義,0.0,,社福,新北市政府主計處,身心障礙人數(101年以後),2012 |  五股區,itemvalue55,是（欄位說明僅存於新北市統計年報）,3.0
101,,,,,,,欄位未定義,0.0,,社福,新北市政府主計處,身心障礙人數(101年以後),2012 |  泰山區,itemvalue55,是（欄位說明僅存於新北市統計年報）,1.0
101,,,,,,,欄位未定義,0.0,,社福,新北市政府主計處,身心障礙人數(101年以後),2012 |  林口區,itemvalue55,是（欄位說明僅存於新北市統計年報）,2.0
101,,,,,,,欄位未定義,0.0,,社福,新北市政府主計處,身心障礙人數(101年以後),2012 |  深坑區,itemvalue55,是（欄位說明僅存於新北市統計年報）,5.0
101,,,,,,,欄位未定義,0.0,,社福,新北市政府主計處,身心障礙人數(101年以後),2012 |  石碇區,itemvalue55,是（欄位說明僅存於新北市統計年報）,2.0
101,,,,,,,欄位未定義,0.0,,社福,新北市政府主計處,身心障礙人數(101年以後),2012 |  坪林區,itemvalue55,是（欄位說明僅存於新北市統計年報）,1.0
101,,,,,,,欄位未定義,0.0,,社福,新北市政府主計處,身心障礙人數(101年以後),2012 |  三芝區,itemvalue55,是（欄位說明僅存於新北市統計年報）,0.0
101,,,,,,,欄位未定義,0.0,,社福,新北市政府主計處,身心障礙人數(101年以後),2012 |  石門區,itemvalue55,是（欄位說明僅存於新北市統計年報）,1.0
101,,,,,,,欄位未定義,0.0,,社福,新北市政府主計處,身心障礙人數(101年以後),2012 |  八里區,itemvalue55,是（欄位說明僅存於新北市統計年報）,3.0
101,,,,,,,欄位未定義,0.0,,社福,新北市政府主計處,身心障礙人數(101年以後),2012 |  平溪區,itemvalue55,是（欄位說明僅存於新北市統計年報）,0.0
101,,,,,,,欄位未定義,0.0,,社福,新北市政府主計處,身心障礙人數(101年以後),2012 |  雙溪區,itemvalue55,是（欄位說明僅存於新北市統計年報）,1.0
101,,,,,,,欄位未定義,0.0,,社福,新北市政府主計處,身心障礙人數(101年以後),2012 |  貢寮區,itemvalue55,是（欄位說明僅存於新北市統計年報）,2.0
101,,,,,,,欄位未定義,0.0,,社福,新北市政府主計處,身心障礙人數(101年以後),2012 |  金山區,itemvalue55,是（欄位說明僅存於新北市統計年報）,3.0
101,,,,,,,欄位未定義,0.0,,社福,新北市政府主計處,身心障礙人數(101年以後),2012 |  萬里區,itemvalue55,是（欄位說明僅存於新北市統計年報）,1.0
101,,,,,,,欄位未定義,0.0,,社福,新北市政府主計處,身心障礙人數(101年以後),2012 |  烏來區,itemvalue55,是（欄位說明僅存於新北市統計年報）,0.0
101,,,,,,,欄位未定義,0.0,,社福,新北市政府主計處,身心障礙人數(101年以後),2012 |  新北市,itemvalue56,是（欄位說明僅存於新北市統計年報）,1333.0
101,,,,,,,欄位未定義,0.0,,社福,新北市政府主計處,身心障礙人數(101年以後),2012 |  板橋區,itemvalue56,是（欄位說明僅存於新北市統計年報）,168.0
101,,,,,,,欄位未定義,0.0,,社福,新北市政府主計處,身心障礙人數(101年以後),2012 |  三重區,itemvalue56,是（欄位說明僅存於新北市統計年報）,142.0
101,,,,,,,欄位未定義,0.0,,社福,新北市政府主計處,身心障礙人數(101年以後),2012 |  中和區,itemvalue56,是（欄位說明僅存於新北市統計年報）,145.0
101,,,,,,,欄位未定義,0.0,,社福,新北市政府主計處,身心障礙人數(101年以後),2012 |  永和區,itemvalue56,是（欄位說明僅存於新北市統計年報）,87.0
101,,,,,,,欄位未定義,0.0,,社福,新北市政府主計處,身心障礙人數(101年以後),2012 |  新莊區,itemvalue56,是（欄位說明僅存於新北市統計年報）,133.0
101,,,,,,,欄位未定義,0.0,,社福,新北市政府主計處,身心障礙人數(101年以後),2012 |  新店區,itemvalue56,是（欄位說明僅存於新北市統計年報）,106.0
101,,,,,,,欄位未定義,0.0,,社福,新北市政府主計處,身心障礙人數(101年以後),2012 |  樹林區,itemvalue56,是（欄位說明僅存於新北市統計年報）,60.0
101,,,,,,,欄位未定義,0.0,,社福,新北市政府主計處,身心障礙人數(101年以後),2012 |  鶯歌區,itemvalue56,是（欄位說明僅存於新北市統計年報）,41.0
101,,,,,,,欄位未定義,0.0,,社福,新北市政府主計處,身心障礙人數(101年以後),2012 |  三峽區,itemvalue56,是（欄位說明僅存於新北市統計年報）,43.0
101,,,,,,,欄位未定義,0.0,,社福,新北市政府主計處,身心障礙人數(101年以後),2012 |  淡水區,itemvalue56,是（欄位說明僅存於新北市統計年報）,43.0
101,,,,,,,欄位未定義,0.0,,社福,新北市政府主計處,身心障礙人數(101年以後),2012 |  汐止區,itemvalue56,是（欄位說明僅存於新北市統計年報）,55.0
101,,,,,,,欄位未定義,0.0,,社福,新北市政府主計處,身心障礙人數(101年以後),2012 |  瑞芳區,itemvalue56,是（欄位說明僅存於新北市統計年報）,18.0
101,,,,,,,欄位未定義,0.0,,社福,新北市政府主計處,身心障礙人數(101年以後),2012 |  土城區,itemvalue56,是（欄位說明僅存於新北市統計年報）,79.0
101,,,,,,,欄位未定義,0.0,,社福,新北市政府主計處,身心障礙人數(101年以後),2012 |  蘆洲區,itemvalue56,是（欄位說明僅存於新北市統計年報）,62.0
101,,,,,,,欄位未定義,0.0,,社福,新北市政府主計處,身心障礙人數(101年以後),2012 |  五股區,itemvalue56,是（欄位說明僅存於新北市統計年報）,32.0
101,,,,,,,欄位未定義,0.0,,社福,新北市政府主計處,身心障礙人數(101年以後),2012 |  泰山區,itemvalue56,是（欄位說明僅存於新北市統計年報）,16.0
101,,,,,,,欄位未定義,0.0,,社福,新北市政府主計處,身心障礙人數(101年以後),2012 |  林口區,itemvalue56,是（欄位說明僅存於新北市統計年報）,12.0
101,,,,,,,欄位未定義,0.0,,社福,新北市政府主計處,身心障礙人數(101年以後),2012 |  深坑區,itemvalue56,是（欄位說明僅存於新北市統計年報）,4.0
101,,,,,,,欄位未定義,0.0,,社福,新北市政府主計處,身心障礙人數(101年以後),2012 |  石碇區,itemvalue56,是（欄位說明僅存於新北市統計年報）,8.0
101,,,,,,,欄位未定義,0.0,,社福,新北市政府主計處,身心障礙人數(101年以後),2012 |  坪林區,itemvalue56,是（欄位說明僅存於新北市統計年報）,3.0
101,,,,,,,欄位未定義,0.0,,社福,新北市政府主計處,身心障礙人數(101年以後),2012 |  三芝區,itemvalue56,是（欄位說明僅存於新北市統計年報）,11.0
101,,,,,,,欄位未定義,0.0,,社福,新北市政府主計處,身心障礙人數(101年以後),2012 |  石門區,itemvalue56,是（欄位說明僅存於新北市統計年報）,4.0
101,,,,,,,欄位未定義,0.0,,社福,新北市政府主計處,身心障礙人數(101年以後),2012 |  八里區,itemvalue56,是（欄位說明僅存於新北市統計年報）,19.0
101,,,,,,,欄位未定義,0.0,,社福,新北市政府主計處,身心障礙人數(101年以後),2012 |  平溪區,itemvalue56,是（欄位說明僅存於新北市統計年報）,3.0
101,,,,,,,欄位未定義,0.0,,社福,新北市政府主計處,身心障礙人數(101年以後),2012 |  雙溪區,itemvalue56,是（欄位說明僅存於新北市統計年報）,6.0
101,,,,,,,欄位未定義,0.0,,社福,新北市政府主計處,身心障礙人數(101年以後),2012 |  貢寮區,itemvalue56,是（欄位說明僅存於新北市統計年報）,8.0
101,,,,,,,欄位未定義,0.0,,社福,新北市政府主計處,身心障礙人數(101年以後),2012 |  金山區,itemvalue56,是（欄位說明僅存於新北市統計年報）,9.0
101,,,,,,,欄位未定義,0.0,,社福,新北市政府主計處,身心障礙人數(101年以後),2012 |  萬里區,itemvalue56,是（欄位說明僅存於新北市統計年報）,13.0
101,,,,,,,欄位未定義,0.0,,社福,新北市政府主計處,身心障礙人數(101年以後),2012 |  烏來區,itemvalue56,是（欄位說明僅存於新北市統計年報）,3.0
101,,,,,,,欄位未定義,0.0,,社福,新北市政府主計處,身心障礙人數(101年以後),2012 |  新北市,itemvalue57,是（欄位說明僅存於新北市統計年報）,923.0
101,,,,,,,欄位未定義,0.0,,社福,新北市政府主計處,身心障礙人數(101年以後),2012 |  板橋區,itemvalue57,是（欄位說明僅存於新北市統計年報）,133.0
101,,,,,,,欄位未定義,0.0,,社福,新北市政府主計處,身心障礙人數(101年以後),2012 |  三重區,itemvalue57,是（欄位說明僅存於新北市統計年報）,119.0
101,,,,,,,欄位未定義,0.0,,社福,新北市政府主計處,身心障礙人數(101年以後),2012 |  中和區,itemvalue57,是（欄位說明僅存於新北市統計年報）,109.0
101,,,,,,,欄位未定義,0.0,,社福,新北市政府主計處,身心障礙人數(101年以後),2012 |  永和區,itemvalue57,是（欄位說明僅存於新北市統計年報）,44.0
101,,,,,,,欄位未定義,0.0,,社福,新北市政府主計處,身心障礙人數(101年以後),2012 |  新莊區,itemvalue57,是（欄位說明僅存於新北市統計年報）,84.0
101,,,,,,,欄位未定義,0.0,,社福,新北市政府主計處,身心障礙人數(101年以後),2012 |  新店區,itemvalue57,是（欄位說明僅存於新北市統計年報）,92.0
101,,,,,,,欄位未定義,0.0,,社福,新北市政府主計處,身心障礙人數(101年以後),2012 |  樹林區,itemvalue57,是（欄位說明僅存於新北市統計年報）,38.0
101,,,,,,,欄位未定義,0.0,,社福,新北市政府主計處,身心障礙人數(101年以後),2012 |  鶯歌區,itemvalue57,是（欄位說明僅存於新北市統計年報）,18.0
101,,,,,,,欄位未定義,0.0,,社福,新北市政府主計處,身心障礙人數(101年以後),2012 |  三峽區,itemvalue57,是（欄位說明僅存於新北市統計年報）,15.0
101,,,,,,,欄位未定義,0.0,,社福,新北市政府主計處,身心障礙人數(101年以後),2012 |  淡水區,itemvalue57,是（欄位說明僅存於新北市統計年報）,29.0
101,,,,,,,欄位未定義,0.0,,社福,新北市政府主計處,身心障礙人數(101年以後),2012 |  汐止區,itemvalue57,是（欄位說明僅存於新北市統計年報）,53.0
101,,,,,,,欄位未定義,0.0,,社福,新北市政府主計處,身心障礙人數(101年以後),2012 |  瑞芳區,itemvalue57,是（欄位說明僅存於新北市統計年報）,13.0
101,,,,,,,欄位未定義,0.0,,社福,新北市政府主計處,身心障礙人數(101年以後),2012 |  土城區,itemvalue57,是（欄位說明僅存於新北市統計年報）,44.0
101,,,,,,,欄位未定義,0.0,,社福,新北市政府主計處,身心障礙人數(101年以後),2012 |  蘆洲區,itemvalue57,是（欄位說明僅存於新北市統計年報）,33.0
101,,,,,,,欄位未定義,0.0,,社福,新北市政府主計處,身心障礙人數(101年以後),2012 |  五股區,itemvalue57,是（欄位說明僅存於新北市統計年報）,13.0
101,,,,,,,欄位未定義,0.0,,社福,新北市政府主計處,身心障礙人數(101年以後),2012 |  泰山區,itemvalue57,是（欄位說明僅存於新北市統計年報）,16.0
101,,,,,,,欄位未定義,0.0,,社福,新北市政府主計處,身心障礙人數(101年以後),2012 |  林口區,itemvalue57,是（欄位說明僅存於新北市統計年報）,13.0
101,,,,,,,欄位未定義,0.0,,社福,新北市政府主計處,身心障礙人數(101年以後),2012 |  深坑區,itemvalue57,是（欄位說明僅存於新北市統計年報）,8.0
101,,,,,,,欄位未定義,0.0,,社福,新北市政府主計處,身心障礙人數(101年以後),2012 |  石碇區,itemvalue57,是（欄位說明僅存於新北市統計年報）,3.0
101,,,,,,,欄位未定義,0.0,,社福,新北市政府主計處,身心障礙人數(101年以後),2012 |  坪林區,itemvalue57,是（欄位說明僅存於新北市統計年報）,3.0
101,,,,,,,欄位未定義,0.0,,社福,新北市政府主計處,身心障礙人數(101年以後),2012 |  三芝區,itemvalue57,是（欄位說明僅存於新北市統計年報）,7.0
101,,,,,,,欄位未定義,0.0,,社福,新北市政府主計處,身心障礙人數(101年以後),2012 |  石門區,itemvalue57,是（欄位說明僅存於新北市統計年報）,4.0
101,,,,,,,欄位未定義,0.0,,社福,新北市政府主計處,身心障礙人數(101年以後),2012 |  八里區,itemvalue57,是（欄位說明僅存於新北市統計年報）,7.0
101,,,,,,,欄位未定義,0.0,,社福,新北市政府主計處,身心障礙人數(101年以後),2012 |  平溪區,itemvalue57,是（欄位說明僅存於新北市統計年報）,0.0
101,,,,,,,欄位未定義,0.0,,社福,新北市政府主計處,身心障礙人數(101年以後),2012 |  雙溪區,itemvalue57,是（欄位說明僅存於新北市統計年報）,4.0
101,,,,,,,欄位未定義,0.0,,社福,新北市政府主計處,身心障礙人數(101年以後),2012 |  貢寮區,itemvalue57,是（欄位說明僅存於新北市統計年報）,9.0
101,,,,,,,欄位未定義,0.0,,社福,新北市政府主計處,身心障礙人數(101年以後),2012 |  金山區,itemvalue57,是（欄位說明僅存於新北市統計年報）,5.0
101,,,,,,,欄位未定義,0.0,,社福,新北市政府主計處,身心障礙人數(101年以後),2012 |  萬里區,itemvalue57,是（欄位說明僅存於新北市統計年報）,7.0
101,,,,,,,欄位未定義,0.0,,社福,新北市政府主計處,身心障礙人數(101年以後),2012 |  烏來區,itemvalue57,是（欄位說明僅存於新北市統計年報）,0.0
101,,,,,,,欄位未定義,0.0,,社福,新北市政府主計處,身心障礙人數(101年以後),2012 |  新北市,itemvalue58,是（欄位說明僅存於新北市統計年報）,9.0
101,,,,,,,欄位未定義,0.0,,社福,新北市政府主計處,身心障礙人數(101年以後),2012 |  板橋區,itemvalue58,是（欄位說明僅存於新北市統計年報）,2.0
101,,,,,,,欄位未定義,0.0,,社福,新北市政府主計處,身心障礙人數(101年以後),2012 |  三重區,itemvalue58,是（欄位說明僅存於新北市統計年報）,1.0
101,,,,,,,欄位未定義,0.0,,社福,新北市政府主計處,身心障礙人數(101年以後),2012 |  中和區,itemvalue58,是（欄位說明僅存於新北市統計年報）,0.0
101,,,,,,,欄位未定義,0.0,,社福,新北市政府主計處,身心障礙人數(101年以後),2012 |  永和區,itemvalue58,是（欄位說明僅存於新北市統計年報）,0.0
101,,,,,,,欄位未定義,0.0,,社福,新北市政府主計處,身心障礙人數(101年以後),2012 |  新莊區,itemvalue58,是（欄位說明僅存於新北市統計年報）,2.0
101,,,,,,,欄位未定義,0.0,,社福,新北市政府主計處,身心障礙人數(101年以後),2012 |  新店區,itemvalue58,是（欄位說明僅存於新北市統計年報）,1.0
101,,,,,,,欄位未定義,0.0,,社福,新北市政府主計處,身心障礙人數(101年以後),2012 |  樹林區,itemvalue58,是（欄位說明僅存於新北市統計年報）,0.0
101,,,,,,,欄位未定義,0.0,,社福,新北市政府主計處,身心障礙人數(101年以後),2012 |  鶯歌區,itemvalue58,是（欄位說明僅存於新北市統計年報）,1.0
101,,,,,,,欄位未定義,0.0,,社福,新北市政府主計處,身心障礙人數(101年以後),2012 |  三峽區,itemvalue58,是（欄位說明僅存於新北市統計年報）,1.0
101,,,,,,,欄位未定義,0.0,,社福,新北市政府主計處,身心障礙人數(101年以後),2012 |  淡水區,itemvalue58,是（欄位說明僅存於新北市統計年報）,0.0
101,,,,,,,欄位未定義,0.0,,社福,新北市政府主計處,身心障礙人數(101年以後),2012 |  汐止區,itemvalue58,是（欄位說明僅存於新北市統計年報）,0.0
101,,,,,,,欄位未定義,0.0,,社福,新北市政府主計處,身心障礙人數(101年以後),2012 |  瑞芳區,itemvalue58,是（欄位說明僅存於新北市統計年報）,0.0
101,,,,,,,欄位未定義,0.0,,社福,新北市政府主計處,身心障礙人數(101年以後),2012 |  土城區,itemvalue58,是（欄位說明僅存於新北市統計年報）,0.0
101,,,,,,,欄位未定義,0.0,,社福,新北市政府主計處,身心障礙人數(101年以後),2012 |  蘆洲區,itemvalue58,是（欄位說明僅存於新北市統計年報）,0.0
101,,,,,,,欄位未定義,0.0,,社福,新北市政府主計處,身心障礙人數(101年以後),2012 |  五股區,itemvalue58,是（欄位說明僅存於新北市統計年報）,0.0
101,,,,,,,欄位未定義,0.0,,社福,新北市政府主計處,身心障礙人數(101年以後),2012 |  泰山區,itemvalue58,是（欄位說明僅存於新北市統計年報）,0.0
101,,,,,,,欄位未定義,0.0,,社福,新北市政府主計處,身心障礙人數(101年以後),2012 |  林口區,itemvalue58,是（欄位說明僅存於新北市統計年報）,1.0
101,,,,,,,欄位未定義,0.0,,社福,新北市政府主計處,身心障礙人數(101年以後),2012 |  深坑區,itemvalue58,是（欄位說明僅存於新北市統計年報）,0.0
101,,,,,,,欄位未定義,0.0,,社福,新北市政府主計處,身心障礙人數(101年以後),2012 |  石碇區,itemvalue58,是（欄位說明僅存於新北市統計年報）,0.0
101,,,,,,,欄位未定義,0.0,,社福,新北市政府主計處,身心障礙人數(101年以後),2012 |  坪林區,itemvalue58,是（欄位說明僅存於新北市統計年報）,0.0
101,,,,,,,欄位未定義,0.0,,社福,新北市政府主計處,身心障礙人數(101年以後),2012 |  三芝區,itemvalue58,是（欄位說明僅存於新北市統計年報）,0.0
101,,,,,,,欄位未定義,0.0,,社福,新北市政府主計處,身心障礙人數(101年以後),2012 |  石門區,itemvalue58,是（欄位說明僅存於新北市統計年報）,0.0
101,,,,,,,欄位未定義,0.0,,社福,新北市政府主計處,身心障礙人數(101年以後),2012 |  八里區,itemvalue58,是（欄位說明僅存於新北市統計年報）,0.0
101,,,,,,,欄位未定義,0.0,,社福,新北市政府主計處,身心障礙人數(101年以後),2012 |  平溪區,itemvalue58,是（欄位說明僅存於新北市統計年報）,0.0
101,,,,,,,欄位未定義,0.0,,社福,新北市政府主計處,身心障礙人數(101年以後),2012 |  雙溪區,itemvalue58,是（欄位說明僅存於新北市統計年報）,0.0
101,,,,,,,欄位未定義,0.0,,社福,新北市政府主計處,身心障礙人數(101年以後),2012 |  貢寮區,itemvalue58,是（欄位說明僅存於新北市統計年報）,0.0
101,,,,,,,欄位未定義,0.0,,社福,新北市政府主計處,身心障礙人數(101年以後),2012 |  金山區,itemvalue58,是（欄位說明僅存於新北市統計年報）,0.0
101,,,,,,,欄位未定義,0.0,,社福,新北市政府主計處,身心障礙人數(101年以後),2012 |  萬里區,itemvalue58,是（欄位說明僅存於新北市統計年報）,0.0
101,,,,,,,欄位未定義,0.0,,社福,新北市政府主計處,身心障礙人數(101年以後),2012 |  烏來區,itemvalue58,是（欄位說明僅存於新北市統計年報）,0.0
101,,,,,,,欄位未定義,0.0,,社福,新北市政府主計處,身心障礙人數(101年以後),2012 |  新北市,itemvalue59,是（欄位說明僅存於新北市統計年報）,7.0
101,,,,,,,欄位未定義,0.0,,社福,新北市政府主計處,身心障礙人數(101年以後),2012 |  板橋區,itemvalue59,是（欄位說明僅存於新北市統計年報）,2.0
101,,,,,,,欄位未定義,0.0,,社福,新北市政府主計處,身心障礙人數(101年以後),2012 |  三重區,itemvalue59,是（欄位說明僅存於新北市統計年報）,0.0
101,,,,,,,欄位未定義,0.0,,社福,新北市政府主計處,身心障礙人數(101年以後),2012 |  中和區,itemvalue59,是（欄位說明僅存於新北市統計年報）,0.0
101,,,,,,,欄位未定義,0.0,,社福,新北市政府主計處,身心障礙人數(101年以後),2012 |  永和區,itemvalue59,是（欄位說明僅存於新北市統計年報）,0.0
101,,,,,,,欄位未定義,0.0,,社福,新北市政府主計處,身心障礙人數(101年以後),2012 |  新莊區,itemvalue59,是（欄位說明僅存於新北市統計年報）,0.0
101,,,,,,,欄位未定義,0.0,,社福,新北市政府主計處,身心障礙人數(101年以後),2012 |  新店區,itemvalue59,是（欄位說明僅存於新北市統計年報）,1.0
101,,,,,,,欄位未定義,0.0,,社福,新北市政府主計處,身心障礙人數(101年以後),2012 |  樹林區,itemvalue59,是（欄位說明僅存於新北市統計年報）,1.0
101,,,,,,,欄位未定義,0.0,,社福,新北市政府主計處,身心障礙人數(101年以後),2012 |  鶯歌區,itemvalue59,是（欄位說明僅存於新北市統計年報）,0.0
101,,,,,,,欄位未定義,0.0,,社福,新北市政府主計處,身心障礙人數(101年以後),2012 |  三峽區,itemvalue59,是（欄位說明僅存於新北市統計年報）,0.0
101,,,,,,,欄位未定義,0.0,,社福,新北市政府主計處,身心障礙人數(101年以後),2012 |  淡水區,itemvalue59,是（欄位說明僅存於新北市統計年報）,0.0
101,,,,,,,欄位未定義,0.0,,社福,新北市政府主計處,身心障礙人數(101年以後),2012 |  汐止區,itemvalue59,是（欄位說明僅存於新北市統計年報）,1.0
101,,,,,,,欄位未定義,0.0,,社福,新北市政府主計處,身心障礙人數(101年以後),2012 |  瑞芳區,itemvalue59,是（欄位說明僅存於新北市統計年報）,0.0
101,,,,,,,欄位未定義,0.0,,社福,新北市政府主計處,身心障礙人數(101年以後),2012 |  土城區,itemvalue59,是（欄位說明僅存於新北市統計年報）,0.0
101,,,,,,,欄位未定義,0.0,,社福,新北市政府主計處,身心障礙人數(101年以後),2012 |  蘆洲區,itemvalue59,是（欄位說明僅存於新北市統計年報）,1.0
101,,,,,,,欄位未定義,0.0,,社福,新北市政府主計處,身心障礙人數(101年以後),2012 |  五股區,itemvalue59,是（欄位說明僅存於新北市統計年報）,0.0
101,,,,,,,欄位未定義,0.0,,社福,新北市政府主計處,身心障礙人數(101年以後),2012 |  泰山區,itemvalue59,是（欄位說明僅存於新北市統計年報）,0.0
101,,,,,,,欄位未定義,0.0,,社福,新北市政府主計處,身心障礙人數(101年以後),2012 |  林口區,itemvalue59,是（欄位說明僅存於新北市統計年報）,0.0
101,,,,,,,欄位未定義,0.0,,社福,新北市政府主計處,身心障礙人數(101年以後),2012 |  深坑區,itemvalue59,是（欄位說明僅存於新北市統計年報）,0.0
101,,,,,,,欄位未定義,0.0,,社福,新北市政府主計處,身心障礙人數(101年以後),2012 |  石碇區,itemvalue59,是（欄位說明僅存於新北市統計年報）,0.0
101,,,,,,,欄位未定義,0.0,,社福,新北市政府主計處,身心障礙人數(101年以後),2012 |  坪林區,itemvalue59,是（欄位說明僅存於新北市統計年報）,0.0
101,,,,,,,欄位未定義,0.0,,社福,新北市政府主計處,身心障礙人數(101年以後),2012 |  三芝區,itemvalue59,是（欄位說明僅存於新北市統計年報）,0.0
101,,,,,,,欄位未定義,0.0,,社福,新北市政府主計處,身心障礙人數(101年以後),2012 |  石門區,itemvalue59,是（欄位說明僅存於新北市統計年報）,0.0
101,,,,,,,欄位未定義,0.0,,社福,新北市政府主計處,身心障礙人數(101年以後),2012 |  八里區,itemvalue59,是（欄位說明僅存於新北市統計年報）,0.0
101,,,,,,,欄位未定義,0.0,,社福,新北市政府主計處,身心障礙人數(101年以後),2012 |  平溪區,itemvalue59,是（欄位說明僅存於新北市統計年報）,0.0
101,,,,,,,欄位未定義,0.0,,社福,新北市政府主計處,身心障礙人數(101年以後),2012 |  雙溪區,itemvalue59,是（欄位說明僅存於新北市統計年報）,0.0
101,,,,,,,欄位未定義,0.0,,社福,新北市政府主計處,身心障礙人數(101年以後),2012 |  貢寮區,itemvalue59,是（欄位說明僅存於新北市統計年報）,0.0
101,,,,,,,欄位未定義,0.0,,社福,新北市政府主計處,身心障礙人數(101年以後),2012 |  金山區,itemvalue59,是（欄位說明僅存於新北市統計年報）,1.0
101,,,,,,,欄位未定義,0.0,,社福,新北市政府主計處,身心障礙人數(101年以後),2012 |  萬里區,itemvalue59,是（欄位說明僅存於新北市統計年報）,0.0
101,,,,,,,欄位未定義,0.0,,社福,新北市政府主計處,身心障礙人數(101年以後),2012 |  烏來區,itemvalue59,是（欄位說明僅存於新北市統計年報）,0.0
101,,,,,,,欄位未定義,0.0,,社福,新北市政府主計處,身心障礙人數(101年以後),2012 |  新北市,itemvalue60,是（欄位說明僅存於新北市統計年報）,896.0
101,,,,,,,欄位未定義,0.0,,社福,新北市政府主計處,身心障礙人數(101年以後),2012 |  板橋區,itemvalue60,是（欄位說明僅存於新北市統計年報）,129.0
101,,,,,,,欄位未定義,0.0,,社福,新北市政府主計處,身心障礙人數(101年以後),2012 |  三重區,itemvalue60,是（欄位說明僅存於新北市統計年報）,77.0
101,,,,,,,欄位未定義,0.0,,社福,新北市政府主計處,身心障礙人數(101年以後),2012 |  中和區,itemvalue60,是（欄位說明僅存於新北市統計年報）,125.0
101,,,,,,,欄位未定義,0.0,,社福,新北市政府主計處,身心障礙人數(101年以後),2012 |  永和區,itemvalue60,是（欄位說明僅存於新北市統計年報）,58.0
101,,,,,,,欄位未定義,0.0,,社福,新北市政府主計處,身心障礙人數(101年以後),2012 |  新莊區,itemvalue60,是（欄位說明僅存於新北市統計年報）,69.0
101,,,,,,,欄位未定義,0.0,,社福,新北市政府主計處,身心障礙人數(101年以後),2012 |  新店區,itemvalue60,是（欄位說明僅存於新北市統計年報）,72.0
101,,,,,,,欄位未定義,0.0,,社福,新北市政府主計處,身心障礙人數(101年以後),2012 |  樹林區,itemvalue60,是（欄位說明僅存於新北市統計年報）,34.0
101,,,,,,,欄位未定義,0.0,,社福,新北市政府主計處,身心障礙人數(101年以後),2012 |  鶯歌區,itemvalue60,是（欄位說明僅存於新北市統計年報）,25.0
101,,,,,,,欄位未定義,0.0,,社福,新北市政府主計處,身心障礙人數(101年以後),2012 |  三峽區,itemvalue60,是（欄位說明僅存於新北市統計年報）,27.0
101,,,,,,,欄位未定義,0.0,,社福,新北市政府主計處,身心障礙人數(101年以後),2012 |  淡水區,itemvalue60,是（欄位說明僅存於新北市統計年報）,29.0
101,,,,,,,欄位未定義,0.0,,社福,新北市政府主計處,身心障礙人數(101年以後),2012 |  汐止區,itemvalue60,是（欄位說明僅存於新北市統計年報）,41.0
101,,,,,,,欄位未定義,0.0,,社福,新北市政府主計處,身心障礙人數(101年以後),2012 |  瑞芳區,itemvalue60,是（欄位說明僅存於新北市統計年報）,13.0
101,,,,,,,欄位未定義,0.0,,社福,新北市政府主計處,身心障礙人數(101年以後),2012 |  土城區,itemvalue60,是（欄位說明僅存於新北市統計年報）,57.0
101,,,,,,,欄位未定義,0.0,,社福,新北市政府主計處,身心障礙人數(101年以後),2012 |  蘆洲區,itemvalue60,是（欄位說明僅存於新北市統計年報）,32.0
101,,,,,,,欄位未定義,0.0,,社福,新北市政府主計處,身心障礙人數(101年以後),2012 |  五股區,itemvalue60,是（欄位說明僅存於新北市統計年報）,18.0
101,,,,,,,欄位未定義,0.0,,社福,新北市政府主計處,身心障礙人數(101年以後),2012 |  泰山區,itemvalue60,是（欄位說明僅存於新北市統計年報）,11.0
101,,,,,,,欄位未定義,0.0,,社福,新北市政府主計處,身心障礙人數(101年以後),2012 |  林口區,itemvalue60,是（欄位說明僅存於新北市統計年報）,14.0
101,,,,,,,欄位未定義,0.0,,社福,新北市政府主計處,身心障礙人數(101年以後),2012 |  深坑區,itemvalue60,是（欄位說明僅存於新北市統計年報）,8.0
101,,,,,,,欄位未定義,0.0,,社福,新北市政府主計處,身心障礙人數(101年以後),2012 |  石碇區,itemvalue60,是（欄位說明僅存於新北市統計年報）,5.0
101,,,,,,,欄位未定義,0.0,,社福,新北市政府主計處,身心障礙人數(101年以後),2012 |  坪林區,itemvalue60,是（欄位說明僅存於新北市統計年報）,1.0
101,,,,,,,欄位未定義,0.0,,社福,新北市政府主計處,身心障礙人數(101年以後),2012 |  三芝區,itemvalue60,是（欄位說明僅存於新北市統計年報）,8.0
101,,,,,,,欄位未定義,0.0,,社福,新北市政府主計處,身心障礙人數(101年以後),2012 |  石門區,itemvalue60,是（欄位說明僅存於新北市統計年報）,9.0
101,,,,,,,欄位未定義,0.0,,社福,新北市政府主計處,身心障礙人數(101年以後),2012 |  八里區,itemvalue60,是（欄位說明僅存於新北市統計年報）,14.0
101,,,,,,,欄位未定義,0.0,,社福,新北市政府主計處,身心障礙人數(101年以後),2012 |  平溪區,itemvalue60,是（欄位說明僅存於新北市統計年報）,1.0
101,,,,,,,欄位未定義,0.0,,社福,新北市政府主計處,身心障礙人數(101年以後),2012 |  雙溪區,itemvalue60,是（欄位說明僅存於新北市統計年報）,3.0
101,,,,,,,欄位未定義,0.0,,社福,新北市政府主計處,身心障礙人數(101年以後),2012 |  貢寮區,itemvalue60,是（欄位說明僅存於新北市統計年報）,3.0
101,,,,,,,欄位未定義,0.0,,社福,新北市政府主計處,身心障礙人數(101年以後),2012 |  金山區,itemvalue60,是（欄位說明僅存於新北市統計年報）,4.0
101,,,,,,,欄位未定義,0.0,,社福,新北市政府主計處,身心障礙人數(101年以後),2012 |  萬里區,itemvalue60,是（欄位說明僅存於新北市統計年報）,7.0
101,,,,,,,欄位未定義,0.0,,社福,新北市政府主計處,身心障礙人數(101年以後),2012 |  烏來區,itemvalue60,是（欄位說明僅存於新北市統計年報）,2.0
101,,,,,,,欄位未定義,0.0,,社福,新北市政府主計處,身心障礙人數(101年以後),2012 |  新北市,itemvalue61,是（欄位說明僅存於新北市統計年報）,597.0
101,,,,,,,欄位未定義,0.0,,社福,新北市政府主計處,身心障礙人數(101年以後),2012 |  板橋區,itemvalue61,是（欄位說明僅存於新北市統計年報）,87.0
101,,,,,,,欄位未定義,0.0,,社福,新北市政府主計處,身心障礙人數(101年以後),2012 |  三重區,itemvalue61,是（欄位說明僅存於新北市統計年報）,57.0
101,,,,,,,欄位未定義,0.0,,社福,新北市政府主計處,身心障礙人數(101年以後),2012 |  中和區,itemvalue61,是（欄位說明僅存於新北市統計年報）,72.0
101,,,,,,,欄位未定義,0.0,,社福,新北市政府主計處,身心障礙人數(101年以後),2012 |  永和區,itemvalue61,是（欄位說明僅存於新北市統計年報）,40.0
101,,,,,,,欄位未定義,0.0,,社福,新北市政府主計處,身心障礙人數(101年以後),2012 |  新莊區,itemvalue61,是（欄位說明僅存於新北市統計年報）,35.0
101,,,,,,,欄位未定義,0.0,,社福,新北市政府主計處,身心障礙人數(101年以後),2012 |  新店區,itemvalue61,是（欄位說明僅存於新北市統計年報）,61.0
101,,,,,,,欄位未定義,0.0,,社福,新北市政府主計處,身心障礙人數(101年以後),2012 |  樹林區,itemvalue61,是（欄位說明僅存於新北市統計年報）,28.0
101,,,,,,,欄位未定義,0.0,,社福,新北市政府主計處,身心障礙人數(101年以後),2012 |  鶯歌區,itemvalue61,是（欄位說明僅存於新北市統計年報）,18.0
101,,,,,,,欄位未定義,0.0,,社福,新北市政府主計處,身心障礙人數(101年以後),2012 |  三峽區,itemvalue61,是（欄位說明僅存於新北市統計年報）,15.0
101,,,,,,,欄位未定義,0.0,,社福,新北市政府主計處,身心障礙人數(101年以後),2012 |  淡水區,itemvalue61,是（欄位說明僅存於新北市統計年報）,25.0
101,,,,,,,欄位未定義,0.0,,社福,新北市政府主計處,身心障礙人數(101年以後),2012 |  汐止區,itemvalue61,是（欄位說明僅存於新北市統計年報）,32.0
101,,,,,,,欄位未定義,0.0,,社福,新北市政府主計處,身心障礙人數(101年以後),2012 |  瑞芳區,itemvalue61,是（欄位說明僅存於新北市統計年報）,7.0
101,,,,,,,欄位未定義,0.0,,社福,新北市政府主計處,身心障礙人數(101年以後),2012 |  土城區,itemvalue61,是（欄位說明僅存於新北市統計年報）,33.0
101,,,,,,,欄位未定義,0.0,,社福,新北市政府主計處,身心障礙人數(101年以後),2012 |  蘆洲區,itemvalue61,是（欄位說明僅存於新北市統計年報）,25.0
101,,,,,,,欄位未定義,0.0,,社福,新北市政府主計處,身心障礙人數(101年以後),2012 |  五股區,itemvalue61,是（欄位說明僅存於新北市統計年報）,7.0
101,,,,,,,欄位未定義,0.0,,社福,新北市政府主計處,身心障礙人數(101年以後),2012 |  泰山區,itemvalue61,是（欄位說明僅存於新北市統計年報）,9.0
101,,,,,,,欄位未定義,0.0,,社福,新北市政府主計處,身心障礙人數(101年以後),2012 |  林口區,itemvalue61,是（欄位說明僅存於新北市統計年報）,8.0
101,,,,,,,欄位未定義,0.0,,社福,新北市政府主計處,身心障礙人數(101年以後),2012 |  深坑區,itemvalue61,是（欄位說明僅存於新北市統計年報）,1.0
101,,,,,,,欄位未定義,0.0,,社福,新北市政府主計處,身心障礙人數(101年以後),2012 |  石碇區,itemvalue61,是（欄位說明僅存於新北市統計年報）,5.0
101,,,,,,,欄位未定義,0.0,,社福,新北市政府主計處,身心障礙人數(101年以後),2012 |  坪林區,itemvalue61,是（欄位說明僅存於新北市統計年報）,0.0
101,,,,,,,欄位未定義,0.0,,社福,新北市政府主計處,身心障礙人數(101年以後),2012 |  三芝區,itemvalue61,是（欄位說明僅存於新北市統計年報）,3.0
101,,,,,,,欄位未定義,0.0,,社福,新北市政府主計處,身心障礙人數(101年以後),2012 |  石門區,itemvalue61,是（欄位說明僅存於新北市統計年報）,2.0
101,,,,,,,欄位未定義,0.0,,社福,新北市政府主計處,身心障礙人數(101年以後),2012 |  八里區,itemvalue61,是（欄位說明僅存於新北市統計年報）,4.0
101,,,,,,,欄位未定義,0.0,,社福,新北市政府主計處,身心障礙人數(101年以後),2012 |  平溪區,itemvalue61,是（欄位說明僅存於新北市統計年報）,5.0
101,,,,,,,欄位未定義,0.0,,社福,新北市政府主計處,身心障礙人數(101年以後),2012 |  雙溪區,itemvalue61,是（欄位說明僅存於新北市統計年報）,4.0
101,,,,,,,欄位未定義,0.0,,社福,新北市政府主計處,身心障礙人數(101年以後),2012 |  貢寮區,itemvalue61,是（欄位說明僅存於新北市統計年報）,4.0
101,,,,,,,欄位未定義,0.0,,社福,新北市政府主計處,身心障礙人數(101年以後),2012 |  金山區,itemvalue61,是（欄位說明僅存於新北市統計年報）,5.0
101,,,,,,,欄位未定義,0.0,,社福,新北市政府主計處,身心障礙人數(101年以後),2012 |  萬里區,itemvalue61,是（欄位說明僅存於新北市統計年報）,4.0
101,,,,,,,欄位未定義,0.0,,社福,新北市政府主計處,身心障礙人數(101年以後),2012 |  烏來區,itemvalue61,是（欄位說明僅存於新北市統計年報）,1.0
101,,,,,,,欄位未定義,0.0,,社福,新北市政府主計處,身心障礙人數(101年以後),2012 |  新北市,itemvalue62,是（欄位說明僅存於新北市統計年報）,1.0
101,,,,,,,欄位未定義,0.0,,社福,新北市政府主計處,身心障礙人數(101年以後),2012 |  板橋區,itemvalue62,是（欄位說明僅存於新北市統計年報）,0.0
101,,,,,,,欄位未定義,0.0,,社福,新北市政府主計處,身心障礙人數(101年以後),2012 |  三重區,itemvalue62,是（欄位說明僅存於新北市統計年報）,0.0
101,,,,,,,欄位未定義,0.0,,社福,新北市政府主計處,身心障礙人數(101年以後),2012 |  中和區,itemvalue62,是（欄位說明僅存於新北市統計年報）,0.0
101,,,,,,,欄位未定義,0.0,,社福,新北市政府主計處,身心障礙人數(101年以後),2012 |  永和區,itemvalue62,是（欄位說明僅存於新北市統計年報）,0.0
101,,,,,,,欄位未定義,0.0,,社福,新北市政府主計處,身心障礙人數(101年以後),2012 |  新莊區,itemvalue62,是（欄位說明僅存於新北市統計年報）,0.0
101,,,,,,,欄位未定義,0.0,,社福,新北市政府主計處,身心障礙人數(101年以後),2012 |  新店區,itemvalue62,是（欄位說明僅存於新北市統計年報）,0.0
101,,,,,,,欄位未定義,0.0,,社福,新北市政府主計處,身心障礙人數(101年以後),2012 |  樹林區,itemvalue62,是（欄位說明僅存於新北市統計年報）,0.0
101,,,,,,,欄位未定義,0.0,,社福,新北市政府主計處,身心障礙人數(101年以後),2012 |  鶯歌區,itemvalue62,是（欄位說明僅存於新北市統計年報）,0.0
101,,,,,,,欄位未定義,0.0,,社福,新北市政府主計處,身心障礙人數(101年以後),2012 |  三峽區,itemvalue62,是（欄位說明僅存於新北市統計年報）,0.0
101,,,,,,,欄位未定義,0.0,,社福,新北市政府主計處,身心障礙人數(101年以後),2012 |  淡水區,itemvalue62,是（欄位說明僅存於新北市統計年報）,0.0
101,,,,,,,欄位未定義,0.0,,社福,新北市政府主計處,身心障礙人數(101年以後),2012 |  汐止區,itemvalue62,是（欄位說明僅存於新北市統計年報）,0.0
101,,,,,,,欄位未定義,0.0,,社福,新北市政府主計處,身心障礙人數(101年以後),2012 |  瑞芳區,itemvalue62,是（欄位說明僅存於新北市統計年報）,0.0
101,,,,,,,欄位未定義,0.0,,社福,新北市政府主計處,身心障礙人數(101年以後),2012 |  土城區,itemvalue62,是（欄位說明僅存於新北市統計年報）,0.0
101,,,,,,,欄位未定義,0.0,,社福,新北市政府主計處,身心障礙人數(101年以後),2012 |  蘆洲區,itemvalue62,是（欄位說明僅存於新北市統計年報）,1.0
101,,,,,,,欄位未定義,0.0,,社福,新北市政府主計處,身心障礙人數(101年以後),2012 |  五股區,itemvalue62,是（欄位說明僅存於新北市統計年報）,0.0
101,,,,,,,欄位未定義,0.0,,社福,新北市政府主計處,身心障礙人數(101年以後),2012 |  泰山區,itemvalue62,是（欄位說明僅存於新北市統計年報）,0.0
101,,,,,,,欄位未定義,0.0,,社福,新北市政府主計處,身心障礙人數(101年以後),2012 |  林口區,itemvalue62,是（欄位說明僅存於新北市統計年報）,0.0
101,,,,,,,欄位未定義,0.0,,社福,新北市政府主計處,身心障礙人數(101年以後),2012 |  深坑區,itemvalue62,是（欄位說明僅存於新北市統計年報）,0.0
101,,,,,,,欄位未定義,0.0,,社福,新北市政府主計處,身心障礙人數(101年以後),2012 |  石碇區,itemvalue62,是（欄位說明僅存於新北市統計年報）,0.0
101,,,,,,,欄位未定義,0.0,,社福,新北市政府主計處,身心障礙人數(101年以後),2012 |  坪林區,itemvalue62,是（欄位說明僅存於新北市統計年報）,0.0
101,,,,,,,欄位未定義,0.0,,社福,新北市政府主計處,身心障礙人數(101年以後),2012 |  三芝區,itemvalue62,是（欄位說明僅存於新北市統計年報）,0.0
101,,,,,,,欄位未定義,0.0,,社福,新北市政府主計處,身心障礙人數(101年以後),2012 |  石門區,itemvalue62,是（欄位說明僅存於新北市統計年報）,0.0
101,,,,,,,欄位未定義,0.0,,社福,新北市政府主計處,身心障礙人數(101年以後),2012 |  八里區,itemvalue62,是（欄位說明僅存於新北市統計年報）,0.0
101,,,,,,,欄位未定義,0.0,,社福,新北市政府主計處,身心障礙人數(101年以後),2012 |  平溪區,itemvalue62,是（欄位說明僅存於新北市統計年報）,0.0
101,,,,,,,欄位未定義,0.0,,社福,新北市政府主計處,身心障礙人數(101年以後),2012 |  雙溪區,itemvalue62,是（欄位說明僅存於新北市統計年報）,0.0
101,,,,,,,欄位未定義,0.0,,社福,新北市政府主計處,身心障礙人數(101年以後),2012 |  貢寮區,itemvalue62,是（欄位說明僅存於新北市統計年報）,0.0
101,,,,,,,欄位未定義,0.0,,社福,新北市政府主計處,身心障礙人數(101年以後),2012 |  金山區,itemvalue62,是（欄位說明僅存於新北市統計年報）,0.0
101,,,,,,,欄位未定義,0.0,,社福,新北市政府主計處,身心障礙人數(101年以後),2012 |  萬里區,itemvalue62,是（欄位說明僅存於新北市統計年報）,0.0
101,,,,,,,欄位未定義,0.0,,社福,新北市政府主計處,身心障礙人數(101年以後),2012 |  烏來區,itemvalue62,是（欄位說明僅存於新北市統計年報）,0.0
101,,,,,,,欄位未定義,0.0,,社福,新北市政府主計處,身心障礙人數(101年以後),2012 |  新北市,itemvalue63,是（欄位說明僅存於新北市統計年報）,5.0
101,,,,,,,欄位未定義,0.0,,社福,新北市政府主計處,身心障礙人數(101年以後),2012 |  板橋區,itemvalue63,是（欄位說明僅存於新北市統計年報）,1.0
101,,,,,,,欄位未定義,0.0,,社福,新北市政府主計處,身心障礙人數(101年以後),2012 |  三重區,itemvalue63,是（欄位說明僅存於新北市統計年報）,2.0
101,,,,,,,欄位未定義,0.0,,社福,新北市政府主計處,身心障礙人數(101年以後),2012 |  中和區,itemvalue63,是（欄位說明僅存於新北市統計年報）,0.0
101,,,,,,,欄位未定義,0.0,,社福,新北市政府主計處,身心障礙人數(101年以後),2012 |  永和區,itemvalue63,是（欄位說明僅存於新北市統計年報）,1.0
101,,,,,,,欄位未定義,0.0,,社福,新北市政府主計處,身心障礙人數(101年以後),2012 |  新莊區,itemvalue63,是（欄位說明僅存於新北市統計年報）,0.0
101,,,,,,,欄位未定義,0.0,,社福,新北市政府主計處,身心障礙人數(101年以後),2012 |  新店區,itemvalue63,是（欄位說明僅存於新北市統計年報）,0.0
101,,,,,,,欄位未定義,0.0,,社福,新北市政府主計處,身心障礙人數(101年以後),2012 |  樹林區,itemvalue63,是（欄位說明僅存於新北市統計年報）,0.0
101,,,,,,,欄位未定義,0.0,,社福,新北市政府主計處,身心障礙人數(101年以後),2012 |  鶯歌區,itemvalue63,是（欄位說明僅存於新北市統計年報）,0.0
101,,,,,,,欄位未定義,0.0,,社福,新北市政府主計處,身心障礙人數(101年以後),2012 |  三峽區,itemvalue63,是（欄位說明僅存於新北市統計年報）,0.0
101,,,,,,,欄位未定義,0.0,,社福,新北市政府主計處,身心障礙人數(101年以後),2012 |  淡水區,itemvalue63,是（欄位說明僅存於新北市統計年報）,0.0
101,,,,,,,欄位未定義,0.0,,社福,新北市政府主計處,身心障礙人數(101年以後),2012 |  汐止區,itemvalue63,是（欄位說明僅存於新北市統計年報）,0.0
101,,,,,,,欄位未定義,0.0,,社福,新北市政府主計處,身心障礙人數(101年以後),2012 |  瑞芳區,itemvalue63,是（欄位說明僅存於新北市統計年報）,0.0
101,,,,,,,欄位未定義,0.0,,社福,新北市政府主計處,身心障礙人數(101年以後),2012 |  土城區,itemvalue63,是（欄位說明僅存於新北市統計年報）,0.0
101,,,,,,,欄位未定義,0.0,,社福,新北市政府主計處,身心障礙人數(101年以後),2012 |  蘆洲區,itemvalue63,是（欄位說明僅存於新北市統計年報）,1.0
101,,,,,,,欄位未定義,0.0,,社福,新北市政府主計處,身心障礙人數(101年以後),2012 |  五股區,itemvalue63,是（欄位說明僅存於新北市統計年報）,0.0
101,,,,,,,欄位未定義,0.0,,社福,新北市政府主計處,身心障礙人數(101年以後),2012 |  泰山區,itemvalue63,是（欄位說明僅存於新北市統計年報）,0.0
101,,,,,,,欄位未定義,0.0,,社福,新北市政府主計處,身心障礙人數(101年以後),2012 |  林口區,itemvalue63,是（欄位說明僅存於新北市統計年報）,0.0
101,,,,,,,欄位未定義,0.0,,社福,新北市政府主計處,身心障礙人數(101年以後),2012 |  深坑區,itemvalue63,是（欄位說明僅存於新北市統計年報）,0.0
101,,,,,,,欄位未定義,0.0,,社福,新北市政府主計處,身心障礙人數(101年以後),2012 |  石碇區,itemvalue63,是（欄位說明僅存於新北市統計年報）,0.0
101,,,,,,,欄位未定義,0.0,,社福,新北市政府主計處,身心障礙人數(101年以後),2012 |  坪林區,itemvalue63,是（欄位說明僅存於新北市統計年報）,0.0
101,,,,,,,欄位未定義,0.0,,社福,新北市政府主計處,身心障礙人數(101年以後),2012 |  三芝區,itemvalue63,是（欄位說明僅存於新北市統計年報）,0.0
101,,,,,,,欄位未定義,0.0,,社福,新北市政府主計處,身心障礙人數(101年以後),2012 |  石門區,itemvalue63,是（欄位說明僅存於新北市統計年報）,0.0
101,,,,,,,欄位未定義,0.0,,社福,新北市政府主計處,身心障礙人數(101年以後),2012 |  八里區,itemvalue63,是（欄位說明僅存於新北市統計年報）,0.0
101,,,,,,,欄位未定義,0.0,,社福,新北市政府主計處,身心障礙人數(101年以後),2012 |  平溪區,itemvalue63,是（欄位說明僅存於新北市統計年報）,0.0
101,,,,,,,欄位未定義,0.0,,社福,新北市政府主計處,身心障礙人數(101年以後),2012 |  雙溪區,itemvalue63,是（欄位說明僅存於新北市統計年報）,0.0
101,,,,,,,欄位未定義,0.0,,社福,新北市政府主計處,身心障礙人數(101年以後),2012 |  貢寮區,itemvalue63,是（欄位說明僅存於新北市統計年報）,0.0
101,,,,,,,欄位未定義,0.0,,社福,新北市政府主計處,身心障礙人數(101年以後),2012 |  金山區,itemvalue63,是（欄位說明僅存於新北市統計年報）,0.0
101,,,,,,,欄位未定義,0.0,,社福,新北市政府主計處,身心障礙人數(101年以後),2012 |  萬里區,itemvalue63,是（欄位說明僅存於新北市統計年報）,0.0
101,,,,,,,欄位未定義,0.0,,社福,新北市政府主計處,身心障礙人數(101年以後),2012 |  烏來區,itemvalue63,是（欄位說明僅存於新北市統計年報）,0.0
101,,,,,,,欄位未定義,0.0,,社福,新北市政府主計處,身心障礙人數(101年以後),2012 |  新北市,itemvalue64,是（欄位說明僅存於新北市統計年報）,3.8361
101,,,,,,,欄位未定義,0.0,,社福,新北市政府主計處,身心障礙人數(101年以後),2012 |  板橋區,itemvalue64,是（欄位說明僅存於新北市統計年報）,3.7233
101,,,,,,,欄位未定義,0.0,,社福,新北市政府主計處,身心障礙人數(101年以後),2012 |  三重區,itemvalue64,是（欄位說明僅存於新北市統計年報）,4.0816
101,,,,,,,欄位未定義,0.0,,社福,新北市政府主計處,身心障礙人數(101年以後),2012 |  中和區,itemvalue64,是（欄位說明僅存於新北市統計年報）,3.8415
101,,,,,,,欄位未定義,0.0,,社福,新北市政府主計處,身心障礙人數(101年以後),2012 |  永和區,itemvalue64,是（欄位說明僅存於新北市統計年報）,3.5061
101,,,,,,,欄位未定義,0.0,,社福,新北市政府主計處,身心障礙人數(101年以後),2012 |  新莊區,itemvalue64,是（欄位說明僅存於新北市統計年報）,3.4876
101,,,,,,,欄位未定義,0.0,,社福,新北市政府主計處,身心障礙人數(101年以後),2012 |  新店區,itemvalue64,是（欄位說明僅存於新北市統計年報）,3.8339
101,,,,,,,欄位未定義,0.0,,社福,新北市政府主計處,身心障礙人數(101年以後),2012 |  樹林區,itemvalue64,是（欄位說明僅存於新北市統計年報）,3.641
101,,,,,,,欄位未定義,0.0,,社福,新北市政府主計處,身心障礙人數(101年以後),2012 |  鶯歌區,itemvalue64,是（欄位說明僅存於新北市統計年報）,4.072
101,,,,,,,欄位未定義,0.0,,社福,新北市政府主計處,身心障礙人數(101年以後),2012 |  三峽區,itemvalue64,是（欄位說明僅存於新北市統計年報）,4.3054
101,,,,,,,欄位未定義,0.0,,社福,新北市政府主計處,身心障礙人數(101年以後),2012 |  淡水區,itemvalue64,是（欄位說明僅存於新北市統計年報）,3.4701
101,,,,,,,欄位未定義,0.0,,社福,新北市政府主計處,身心障礙人數(101年以後),2012 |  汐止區,itemvalue64,是（欄位說明僅存於新北市統計年報）,3.6927
101,,,,,,,欄位未定義,0.0,,社福,新北市政府主計處,身心障礙人數(101年以後),2012 |  瑞芳區,itemvalue64,是（欄位說明僅存於新北市統計年報）,7.3648
101,,,,,,,欄位未定義,0.0,,社福,新北市政府主計處,身心障礙人數(101年以後),2012 |  土城區,itemvalue64,是（欄位說明僅存於新北市統計年報）,3.7636
101,,,,,,,欄位未定義,0.0,,社福,新北市政府主計處,身心障礙人數(101年以後),2012 |  蘆洲區,itemvalue64,是（欄位說明僅存於新北市統計年報）,3.4573
101,,,,,,,欄位未定義,0.0,,社福,新北市政府主計處,身心障礙人數(101年以後),2012 |  五股區,itemvalue64,是（欄位說明僅存於新北市統計年報）,4.0025
101,,,,,,,欄位未定義,0.0,,社福,新北市政府主計處,身心障礙人數(101年以後),2012 |  泰山區,itemvalue64,是（欄位說明僅存於新北市統計年報）,3.5701
101,,,,,,,欄位未定義,0.0,,社福,新北市政府主計處,身心障礙人數(101年以後),2012 |  林口區,itemvalue64,是（欄位說明僅存於新北市統計年報）,2.9816
101,,,,,,,欄位未定義,0.0,,社福,新北市政府主計處,身心障礙人數(101年以後),2012 |  深坑區,itemvalue64,是（欄位說明僅存於新北市統計年報）,4.0774
101,,,,,,,欄位未定義,0.0,,社福,新北市政府主計處,身心障礙人數(101年以後),2012 |  石碇區,itemvalue64,是（欄位說明僅存於新北市統計年報）,6.7258
101,,,,,,,欄位未定義,0.0,,社福,新北市政府主計處,身心障礙人數(101年以後),2012 |  坪林區,itemvalue64,是（欄位說明僅存於新北市統計年報）,5.4759
101,,,,,,,欄位未定義,0.0,,社福,新北市政府主計處,身心障礙人數(101年以後),2012 |  三芝區,itemvalue64,是（欄位說明僅存於新北市統計年報）,4.74
101,,,,,,,欄位未定義,0.0,,社福,新北市政府主計處,身心障礙人數(101年以後),2012 |  石門區,itemvalue64,是（欄位說明僅存於新北市統計年報）,4.5554
101,,,,,,,欄位未定義,0.0,,社福,新北市政府主計處,身心障礙人數(101年以後),2012 |  八里區,itemvalue64,是（欄位說明僅存於新北市統計年報）,3.9277
101,,,,,,,欄位未定義,0.0,,社福,新北市政府主計處,身心障礙人數(101年以後),2012 |  平溪區,itemvalue64,是（欄位說明僅存於新北市統計年報）,9.9237
101,,,,,,,欄位未定義,0.0,,社福,新北市政府主計處,身心障礙人數(101年以後),2012 |  雙溪區,itemvalue64,是（欄位說明僅存於新北市統計年報）,7.533
101,,,,,,,欄位未定義,0.0,,社福,新北市政府主計處,身心障礙人數(101年以後),2012 |  貢寮區,itemvalue64,是（欄位說明僅存於新北市統計年報）,6.3003
101,,,,,,,欄位未定義,0.0,,社福,新北市政府主計處,身心障礙人數(101年以後),2012 |  金山區,itemvalue64,是（欄位說明僅存於新北市統計年報）,5.1499
101,,,,,,,欄位未定義,0.0,,社福,新北市政府主計處,身心障礙人數(101年以後),2012 |  萬里區,itemvalue64,是（欄位說明僅存於新北市統計年報）,6.1661
101,,,,,,,欄位未定義,0.0,,社福,新北市政府主計處,身心障礙人數(101年以後),2012 |  烏來區,itemvalue64,是（欄位說明僅存於新北市統計年報）,4.9372
101,,,,,,,欄位未定義,0.0,,社福,新北市政府主計處,身心障礙福利,2012,itemvalue2,是（欄位說明僅存於新北市統計年報）,2153.0
101,,,,,,,欄位未定義,0.0,,社福,新北市政府主計處,身心障礙福利,2012,itemvalue3,是（欄位說明僅存於新北市統計年報）,1162.0
101,,,,,,,欄位未定義,0.0,,社福,新北市政府主計處,身心障礙福利,2012,itemvalue4,是（欄位說明僅存於新北市統計年報）,731.0
101,,,,,,,欄位未定義,0.0,,社福,新北市政府主計處,身心障礙福利,2012,itemvalue5,是（欄位說明僅存於新北市統計年報）,5271.0
101,,,,,,,欄位未定義,0.0,,社福,新北市政府主計處,身心障礙福利,2012,itemvalue6,是（欄位說明僅存於新北市統計年報）,2849.0
101,,,,,,,欄位未定義,0.0,,社福,新北市政府主計處,身心障礙福利,2012,itemvalue7,是（欄位說明僅存於新北市統計年報）,0.0
101,,,,,,,欄位未定義,0.0,,社福,新北市政府主計處,身心障礙福利,2012,itemvalue8,是（欄位說明僅存於新北市統計年報）,0.0
101,,,,,,,欄位未定義,0.0,,社福,新北市政府主計處,身心障礙福利,2012,itemvalue9,是（欄位說明僅存於新北市統計年報）,8773.0
101,,,,,,,欄位未定義,0.0,,社福,新北市政府主計處,身心障礙福利,2012,itemvalue10,是（欄位說明僅存於新北市統計年報）,4188.0
101,,,,,,,欄位未定義,0.0,,社福,新北市政府主計處,身心障礙福利,2012,itemvalue11,是（欄位說明僅存於新北市統計年報）,3959.0
101,,,,,,,欄位未定義,0.0,,社福,新北市政府主計處,身心障礙福利,2012,itemvalue12,是（欄位說明僅存於新北市統計年報）,2636.0
101,,,,,,,欄位未定義,0.0,,社福,新北市政府主計處,身心障礙福利服務概況,2012,itemvalue2,是（欄位說明僅存於新北市統計年報）,29.0
101,,,,,,,欄位未定義,0.0,,社福,新北市政府主計處,身心障礙福利服務概況,2012,itemvalue3,是（欄位說明僅存於新北市統計年報）,1893.0
101,,,,,,,欄位未定義,0.0,,社福,新北市政府主計處,身心障礙福利服務概況,2012,itemvalue4,是（欄位說明僅存於新北市統計年報）,1162.0
101,,,,,,,欄位未定義,0.0,,社福,新北市政府主計處,身心障礙福利服務概況,2012,itemvalue5,是（欄位說明僅存於新北市統計年報）,731.0
101,,,,,,,欄位未定義,0.0,,社福,新北市政府主計處,身心障礙福利服務概況,2012,itemvalue6,是（欄位說明僅存於新北市統計年報）,557915.0
101,,,,,,,欄位未定義,0.0,,社福,新北市政府主計處,身心障礙福利服務概況,2012,itemvalue7,是（欄位說明僅存於新北市統計年報）,2683062.0
101,,,,,,,欄位未定義,0.0,,社福,新北市政府主計處,身心障礙福利服務概況,2012,itemvalue8,是（欄位說明僅存於新北市統計年報）,10815.0
101,,,,,,,欄位未定義,0.0,,社福,新北市政府主計處,身心障礙福利服務概況,2012,itemvalue9,是（欄位說明僅存於新北市統計年報）,105530.0
101,,,,,,,欄位未定義,0.0,,社福,新北市政府主計處,身心障礙福利服務概況,2012,itemvalue10,是（欄位說明僅存於新北市統計年報）,4857.0
101,,,,,,,欄位未定義,0.0,,社福,新北市政府主計處,身心障礙福利服務概況,2012,itemvalue11,是（欄位說明僅存於新北市統計年報）,907542.0
